0
6
7
18
20
21
24
28
29
33
38
39
40
41
43
48
51
54
56
60
64
69
70
74
75
79
80
83
85
89
90
92
93
94
97
98
99
101
102
106
108
110
111
115
116
118
120
122
124
129
137
138
151
154
156
159
166
175
180
181
193
197
199
200
203
204
217
218
233
239
250
252
264
265
267
277
279
288
289
290
296
308
318
328
333
341
342
343
349
350
351
357
360
364
369
374
377
390
392
396
398
399
400
405
406
408
416
418
419
420
422
423
425
428
433
443
446
447
452
454
458
461
465
471
473
474
477
484
493
494
495
497
499
501
504
505
506
507
509
510
516
522
526
528
536
539
548
551
555
561
563
565
571
572
577
582
591
593
598
601
604
606
611
612
625
629
630
632
637
638
639
643
644
646
648
662
663
665
667
670
671
676
681
682
683
686
687
693
695
707
709
714
716
717
723
725
727
728
732
733
735
738
742
743
746
748
749
750
753
755
772
781
804
807
808
815
818
819
820
822
829
841
844
849
855
874
877
880
882
883
884
886
888
894
900
902
903
904
921
924
926
930
934
939
941
943
946
948
960
969
971
974
988
991
1003
1004
1005
1007
1009
1012
1013
1018
1027
1029
1035
1037
1038
1039
1056
1061
1062
1064
1065
1066
1068
1071
1072
1073
1080
1088
1089
1092
1093
1095
1100
1102
1104
1106
1107
1110
1114
1126
1128
1130
1131
1132
1133
1134
1135
1137
1142
1143
1149
1150
1153
1155
1156
1160
1164
1173
1176
1177
1178
1180
1181
1183
1187
1188
1189
1192
1203
1205
1207
1211
1214
1220
1221
1222
1233
1234
1236
1237
1238
1242
1246
1248
1249
1254
1260
1262
1263
1273
1274
1279
1281
1282
1287
1288
1295
1296
1297
1300
1301
1303
1307
1317
1320
1325
1329
1331
1332
1335
1337
1339
1359
1364
1367
1368
1369
1371
1373
1377
1380
1386
1389
1390
1391
1392
1397
1401
1402
1403
1404
1407
1408
1411
1412
1413
1416
1417
1423
1424
1427
1432
1435
1438
1453
1455
1459
1460
1463
1469
1472
1474
1478
1482
1484
1486
1487
1488
1493
1494
1496
1497
1503
1506
1507
1513
1526
1537
1538
1544
1545
1548
1552
1553
1561
1563
1570
1572
1574
1575
1576
1580
1588
1592
1600
1605
1618
1621
1622
1623
1626
1630
1634
1635
1648
1657
1671
1680
1682
1683
1685
1693
1695
1696
1699
1700
1702
1709
1710
1713
1726
1729
1731
1732
1733
1739
1745
1752
1758
1761
1762
1766
1767
1768
1771
1772
1774
1776
1778
1787
1788
1789
1792
1794
1799
1816
1819
1825
1826
1834
1841
1842
1849
1852
1859
1861
1865
1867
1872
1873
1874
1875
1889
1890
1895
1898
1905
1907
1912
1922
1926
1927
1931
1936
1945
1952
1955
1959
1960
1962
1963
1965
1967
1968
1970
1974
1975
1978
1990
1996
1997
2007
2008
2009
2010
2013
2014
2016
2017
2018
2019
2020
2021
2029
2036
2038
2064
2067
2068
2072
2073
2078
2079
2081
2087
2089
2091
2093
2097
2099
2108
2111
2112
2116
2118
2120
2123
2124
2129
2132
2136
2137
2145
2149
2150
2158
2163
2164
2168
2171
2173
2182
2185
2189
2191
2192
2193
2194
2199
2201
2202
2203
2205
2209
2212
2213
2215
2220
2221
2223
2225
2226
2228
2239
2240
2242
2244
2245
2247
2249
2254
2255
2257
2258
2259
2260
2264
2265
2273
2277
2283
2288
2294
2301
2306
2309
2315
2317
2321
2324
2326
2328
2329
2337
2339
2342
2345
2351
2352
2366
2371
2374
2382
2385
2386
2387
2388
2394
2395
2410
2411
2413
2419
2421
2423
2424
2429
2430
2438
2440
2441
2447
2449
2450
2453
2454
2455
2456
2457
2459
2460
2463
2464
2478
2485
2490
2492
2493
2506
2507
2508
2509
2514
2515
2519
2520
2532
2541
2543
2544
2548
2551
2558
2562
2564
2567
2572
2573
2574
2578
2580
2581
2582
2584
2585
2586
2589
2590
2591
2594
2595
2597
2598
2608
2611
2615
2617
2623
2624
2625
2627
2629
2630
2632
2633
2634
2635
2638
2642
2643
2644
2652
2655
2661
2677
2679
2681
2682
2683
2684
2689
2692
2693
2694
2697
2698
2699
2700
2706
2710
2713
2715
2720
2723
2726
2727
2734
2738
2739
2742
2747
2749
2750
2752
2753
2754
2759
2760
2770
2771
2775
2781
2783
2788
2789
2791
2794
2798
2806
2807
2809
2810
2811
2812
2813
2820
2821
2822
2823
2831
2835
2837
2838
2843
2844
2845
2846
2848
2849
2856
2862
2865
2871
2884
2889
2892
2893
2895
2897
2898
2903
2905
2907
2913
2914
2915
2916
2917
2920
2921
2922
2924
2925
2926
2928
2929
2931
2933
2934
2935
2948
2957
2960
2961
2970
2985
2997
2998
2999
3001
3008
3009
3013
3015
3016
3017
3018
3021
3027
3035
3039
3044
3063
3064
3069
3073
3074
3079
3080
3090
3096
3097
3104
3105
3109
3119
3120
3122
3128
3131
3133
3134
3135
3136
3141
3143
3145
3149
3155
3160
3167
3171
3172
3178
3179
3180
3186
3187
3188
3192
3195
3199
3203
3205
3206
3211
3212
3214
3219
3221
3222
3228
3229
3236
3239
3242
3243
3248
3255
3256
3267
3271
3276
3280
3285
3290
3307
3308
3309
3315
3321
3325
3328
3329
3331
3336
3337
3339
3340
3346
3353
3354
3355
3359
3360
3367
3369
3370
3372
3374
3377
3378
3379
3380
3381
3382
3383
3384
3385
3386
3387
3389
3392
3396
3399
3408
3411
3420
3425
3427
3428
3430
3436
3437
3440
3442
3445
3449
3450
3451
3452
3453
3454
3462
3463
3469
3470
3472
3473
3474
3477
3478
3481
3482
3484
3486
3489
3494
3496
3498
3502
3506
3511
3522
3523
3529
3533
3535
3538
3539
3544
3546
3548
3549
3553
3554
3557
3558
3559
3563
3578
3590
3591
3593
3595
3599
3600
3603
3604
3606
3609
3612
3613
3615
3618
3620
3621
3625
3626
3628
3630
3631
3636
3637
3643
3647
3656
3658
3659
3660
3663
3674
3684
3687
3688
3693
3700
3702
3706
3707
3712
3714
3717
3722
3725
3727
3734
3737
3741
3747
3749
3753
3756
3763
3773
3775
3779
3784
3789
3791
3794
3795
3803
3804
3807
3808
3815
3818
3820
3824
3829
3836
3842
3847
3856
3864
3870
3871
3872
3874
3877
3878
3879
3880
3888
3889
3899
3901
3906
3910
3912
3918
3922
3924
3932
3935
3939
3941
3944
3956
3963
3969
3979
3980
3984
3987
3988
3997
4000
4010
4017
4020
4021
4023
4024
4027
4031
4033
4036
4038
4041
4042
4056
4057
4058
4060
4061
4066
4070
4079
4081
4083
4084
4087
4088
4093
4094
4096
4097
4098
4101
4102
4103
4104
4107
4113
4115
4117
4118
4123
4127
4134
4138
4141
4142
4143
4145
4146
4147
4150
4152
4164
4171
4172
4178
4180
4188
4193
4195
4201
4205
4209
4214
4217
4220
4221
4227
4229
4230
4237
4238
4242
4247
4248
4250
4252
4253
4255
4257
4263
4266
4269
4270
4271
4272
4277
4283
4285
4287
4291
4292
4293
4296
4297
4298
4300
4302
4306
4307
4313
4314
4316
4317
4318
4319
4322
4323
4324
4328
4340
4342
4344
4350
4353
4354
4356
4363
4367
4371
4379
4380
4387
4396
4397
4398
4399
4402
4403
4404
4406
4410
4412
4413
4415
4417
4418
4423
4425
4431
4446
4448
4451
4458
4463
4467
4470
4473
4479
4489
4490
4494
4495
4496
4497
4499
4501
4502
4504
4508
4511
4512
4513
4516
4520
4521
4529
4530
4531
4535
4536
4548
4557
4562
4566
4568
4569
4571
4572
4577
4579
4581
4586
4587
4588
4591
4602
4609
4613
4615
4618
4619
4620
4622
4627
4631
4632
4636
4638
4639
4648
4653
4656
4660
4661
4666
4667
4670
4671
4674
4675
4680
4681
4683
4685
4689
4690
4694
4695
4699
4703
4704
4706
4710
4714
4717
4725
4726
4727
4731
4732
4733
4734
4747
4748
4751
4753
4757
4760
4763
4764
4765
4766
4767
4769
4770
4771
4773
4774
4776
4777
4782
4783
4784
4788
4789
4790
4791
4792
4797
4803
4805
4816
4818
4821
4822
4824
4825
4826
4828
4829
4830
4834
4835
4837
4839
4841
4844
4847
4856
4858
4861
4864
4867
4870
4873
4875
4878
4882
4889
4894
4900
4906
4909
4913
4915
4916
4922
4926
4938
4941
4949
4950
4953
4954
4955
4956
4959
4961
4962
4964
4965
4967
4976
4977
4989
4998
5000
5001
5004
5008
5009
5013
5014
5022
5023
5024
5030
5032
5039
5047
5048
5053
5057
5062
5069
5072
5085
5089
5095
5098
5100
5101
5106
5109
5116
5117
5118
5126
5140
5142
5146
5151
5153
5156
5157
5158
5164
5166
5170
5171
5174
5175
5176
5179
5180
5181
5182
5184
5186
5188
5189
5191
5193
5194
5195
5196
5197
5198
5200
5203
5207
5209
5211
5214
5215
5220
5221
5224
5225
5227
5234
5236
5244
5245
5250
5257
5263
5280
5284
5285
5294
5304
5308
5309
5310
5319
5329
5332
5334
5335
5336
5346
5347
5354
5364
5366
5367
5371
5379
5383
5384
5387
5398
5399
5400
5401
5417
5428
5445
5447
5448
5449
5451
5463
5508
5510
5519
5522
5524
5525
5530
5533
5535
5552
5554
5561
5563
5571
5579
5598
5601
5603
5606
5621
5626
5630
5637
5647
5657
5677
5681
5682
5686
5707
5715
5737
5762
5765
5770
5772
5778
5813
5817
5824
5826
5829
5864
5867
5877
5880
5882
5892
5905
5909
5917
5922
5923
5924
5937
5938
5948
5953
5993
5997
6006
6021
6038
6040
6050
6059
6080
6093
6104
6106
6108
6109
6111
6119
6133
6134
6135
6139
6140
6142
6143
6144
6158
6159
6165
6174
6177
6190
6211
6226
6230
6232
6238
6242
6252
6266
6268
6271
6272
6283
6295
6296
6303
6305
6306
6316
6330
6341
6347
6349
6350
6359
6365
6368
6374
6378
6379
6389
6419
6421
6422
6439
6442
6447
6450
6454
6455
6505
6515
6518
6527
6528
6534
6538
6549
6550
6560
6561
6566
6569
6570
6572
6577
6578
6580
6583
6584
6585
6586
6588
6589
6590
6596
6610
6644
6656
6657
6674
6684
6693
6697
6701
6702
6707
6710
6723
6731
6732
6741
6759
6791
6794
6798
6799
6810
6816
6859
6860
6862
6871
6883
6884
6885
6887
6894
6898
6899
6902
6926
6948
6950
6953
6954
6963
6964
6970
6984
6987
6998
7002
7003
7004
7026
7027
7028
7029
7035
7043
7050
7057
7069
7084
7096
7097
7098
7099
7100
7103
7112
7118
7130
7131
7133
7141
7147
7151
7158
7162
7164
7165
7167
7168
7169
7171
7172
7175
7176
7178
7180
7183
7184
7199
7207
7212
7226
7235
7256
7280
7305
7310
7337
7339
7354
7366
7377
7378
7407
7420
7428
7448
7463
7491
7514
7515
7525
7542
7561
7563
7565
7566
7569
7570
7576
7577
7585
7605
7634
7642
7644
7651
7652
7657
7658
7659
7662
7670
7690
7692
7700
7721
7725
7727
7751
7771
7792
7808
7821
7849
7854
7884
7886
7901
7903
7905
7924
7933
7943
7953
7961
7962
7963
7966
7968
7969
7997
8005
8012
8014
8016
8022
8025
8031
8046
8049
8050
8055
8075
8092
8094
8112
8116
8117
8118
8142
8152
8155
8159
8163
8174
8178
8181
8197
8202
8207
8214
8215
8226
8244
8258
8259
8269
8271
8274
8277
8280
8281
8282
8304
8306
8329
8339
8342
8351
8355
8357
8361
8372
8373
8376
8377
8379
8381
8384
8389
8395
8407
8410
8432
8447
8462
8475
8483
8484
8491
8500
8506
8513
8515
8530
8534
8548
8549
8550
8555
8603
8605
8626
8627
8631
8636
8644
8647
8686
8693
8695
8698
8714
8717
8722
8737
8760
8767
8774
8780
8783
8785
8792
8803
8808
8824
8826
8831
8832
8833
8837
8842
8843
8845
8848
8862
8880
8904
8906
8919
8926
8942
8946
8949
8951
8955
8957
8959
8960
8977
8982
8987
9008
9028
9049
9080
9088
9110
9111
9115
9117
9121
9128
9129
9152
9175
9178
9198
9204
9212
9213
9218
9239
9254
9269
9274
9276
9278
9281
9283
9286
9294
9298
9302
9303
9304
9306
9313
9314
9321
9326
9353
9367
9370
9375
9381
9384
9387
9388
9407
9412
9420
9427
9430
9439
9440
9443
9448
9453
9456
9458
9463
9467
9473
9478
9489
9490
9493
9495
9498
9500
9503
9507
9515
9516
9520
9526
9527
9540
9541
9542
9543
9544
9545
9546
9550
9555
9558
9563
9578
9579
9582
9586
9595
9605
9609
9618
9620
9623
9628
9630
9651
9658
9660
9667
9688
9699
9731
9751
9757
9759
9767
9781
9802
9815
9835
9843
9844
9864
9889
9890
9892
9893
9911
9912
9920
9926
9931
9940
9943
9948
9950
9951
9952
9957
9958
9965
9971
9974
9978
9998
10006
10008
10012
10014
10029
10045
10071
10073
10074
10077
10099
10101
10104
10117
10119
10129
10143
10189
10216
10240
10242
10248
10262
10265
10270
10272
10283
10289
10299
10302
10309
10310
10313
10317
10339
10350
10352
10354
10370
10376
10378
10392
10394
10395
10399
10425
10438
10446
10478
10488
10501
10502
10520
10532
10535
10537
10541
10552
10558
10561
10562
10564
10568
10569
10582
10587
10595
10606
10611
10627
10637
10646
10651
10657
10663
10682
10687
10696
10697
10700
10747
10750
10758
10763
10778
10789
10811
10819
10821
10837
10848
10881
10882
10888
10900
10904
10907
10927
10941
10952
10964
10968
10976
10978
10982
10984
10991
10993
10995
11001
11003
11005
11014
11019
11035
11048
11052
11064
11096
11099
11105
11114
11117
11119
11123
11139
11141
11152
11155
11176
11180
11203
11205
11209
11214
11232
11266
11268
11272
11286
11287
11289
11308
11311
11314
11318
11323
11338
11344
11348
11376
11400
11403
11412
11415
11418
11419
11421
11422
11423
11426
11431
11437
11448
11449
11452
11456
11462
11463
11465
11479
11483
11487
11491
11495
11497
11499
11500
11501
11510
11512
11513
11515
11531
11538
11539
11545
11550
11557
11561
11564
11565
11582
11584
11588
11590
11596
11603
11607
11611
11614
11621
11625
11626
11627
11632
11638
11648
11655
11658
11662
11675
11678
11683
11690
11696
11705
11709
11710
11714
11715
11718
11723
11728
11731
11737
11743
11745
11750
11751
11752
11758
11772
11788
11796
11804
11811
11812
11820
11823
11828
11830
11832
11842
11849
11851
11852
11862
11863
11864
11876
11879
11883
11888
11889
11895
11896
11900
11901
11902
11903
11905
11906
11907
11908
11910
11911
11924
11925
11930
11941
11945
11947
11957
11959
11981
11987
11988
11997
11999
12006
12017
12019
12020
12023
12032
12040
12041
12043
12045
12047
12050
12055
12061
12062
12064
12071
12083
12086
12091
12099
12104
12110
12118
12121
12141
12150
12152
12158
12164
12165
12167
12174
12182
12190
12197
12199
12219
12222
12223
12225
12227
12228
12229
12231
12244
12247
12250
12252
12257
12258
12259
12264
12265
12269
12272
12277
12279
12280
12281
12285
12286
12318
12320
12321
12325
12330
12335
12340
12343
12345
12348
12349
12352
12354
12361
12363
12368
12371
12373
12378
12399
12410
12419
12425
12428
12433
12437
12442
12444
12450
12452
12453
12454
12463
12475
12479
12483
12485
12504
12511
12514
12519
12530
12533
12550
12552
12560
12566
12568
12573
12576
12580
12582
12587
12589
12592
12594
12596
12602
12603
12606
12607
12611
12613
12615
12616
12619
12620
12625
12630
12637
12643
12648
12652
12655
12657
12669
12677
12682
12683
12687
12690
12693
12696
12698
12703
12710
12711
12713
12731
12735
12739
12743
12746
12747
12749
12757
12759
12762
12764
12768
12769
12770
12774
12776
12777
12779
12780
12782
12785
12787
12788
12790
12791
12792
12794
12801
12808
12822
12823
12824
12828
12831
12840
12843
12848
12855
12861
12883
12885
12886
12890
12893
12899
12900
12905
12909
12915
12917
12920
12933
12944
12951
12956
12966
12967
12968
12970
12973
12978
12985
12991
12992
12997
12998
13002
13003
13005
13013
13016
13017
13019
13020
13023
13027
13028
13033
13039
13040
13043
13051
13052
13054
13056
13063
13064
13068
13076
13079
13081
13084
13086
13088
13092
13095
13097
13104
13108
13112
13114
13122
13125
13132
13133
13134
13136
13138
13141
13144
13145
13148
13157
13162
13163
13164
13165
13172
13199
13200
13203
13204
13208
13211
13214
13219
13221
13226
13233
13236
13237
13243
13260
13283
13288
13294
13298
13300
13304
13305
13312
13314
13317
13319
13322
13330
13339
13340
13344
13347
13348
13350
13351
13355
13358
13359
13371
13376
13382
13386
13399
13401
13411
13414
13415
13418
13419
13420
13421
13423
13427
13438
13439
13443
13447
13453
13461
13465
13469
13478
13495
13501
13511
13512
13521
13522
13523
13527
13533
13537
13538
13539
13545
13547
13549
13550
13551
13552
13554
13560
13563
13568
13570
13571
13577
13604
13620
13621
13629
13632
13639
13642
13646
13656
13658
13665
13667
13668
13669
13682
13686
13691
13697
13698
13699
13700
13709
13714
13715
13716
13718
13721
13723
13725
13729
13732
13733
13741
13743
13744
13746
13751
13755
13756
13757
13759
13760
13766
13769
13771
13781
13784
13791
13797
13799
13803
13808
13810
13812
13816
13818
13825
13843
13856
13858
13862
13864
13866
13871
13873
13881
13893
13896
13897
13903
13910
13914
13920
13923
13926
13927
13931
13938
13944
13950
13955
13959
13961
13965
13973
13974
13976
13978
13981
13983
13986
13992
14001
14006
14021
14028
14030
14041
14047
14055
14069
14079
14081
14101
14114
14115
14117
14123
14125
14136
14144
14152
14154
14156
14164
14175
14179
14182
14183
14185
14190
14191
14197
14199
14205
14212
14213
14216
14217
14223
14230
14237
14240
14244
14245
14247
14248
14250
14251
14253
14257
14263
14264
14268
14272
14274
14276
14282
14288
14290
14296
14306
14314
14329
14335
14337
14342
14343
14348
14350
14352
14354
14355
14362
14373
14374
14376
14377
14379
14380
14391
14413
14414
14415
14423
14433
14434
14441
14443
14449
14452
14455
14456
14457
14460
14462
14472
14473
14474
14479
14480
14484
14493
14494
14495
14496
14499
14502
14503
14504
14505
14506
14510
14511
14514
14516
14520
14525
14538
14542
14544
14545
14577
14582
14588
14590
14591
14594
14598
14602
14603
14610
14611
14617
14618
14631
14633
14644
14645
14665
14666
14680
14681
14683
14689
14699
14704
14706
14715
14724
14730
14732
14736
14742
14746
14751
14760
14761
14765
14766
14774
14777
14779
14780
14781
14785
14790
14799
14800
14808
14812
14819
14837
14841
14843
14844
14845
14846
14850
14851
14854
14855
14860
14862
14868
14869
14871
14872
14878
14880
14881
14887
14889
14896
14897
14902
14903
14908
14923
14924
14928
14929
14938
14943
14945
14960
14962
14969
14970
14971
14973
14980
14984
14985
14993
14997
15006
15007
15008
15018
15019
15022
15025
15029
15030
15032
15035
15036
15039
15042
15048
15049
15054
15055
15056
15058
15060
15063
15064
15076
15077
15084
15087
15088
15089
15090
15091
15092
15093
15096
15097
15098
15103
15105
15108
15123
15131
15133
15134
15143
15146
15154
15162
15163
15165
15167
15174
15177
15182
15183
15200
15202
15208
15209
15217
15225
15241
15242
15244
15245
15247
15250
15252
15254
15257
15260
15269
15275
15276
15277
15279
15287
15289
15296
15300
15304
15307
15308
15315
15319
15320
15326
15327
15330
15333
15346
15351
15373
15375
15376
15382
15383
15387
15390
15394
15400
15406
15409
15420
15421
15436
15444
15446
15447
15448
15449
15450
15452
15454
15458
15459
15463
15469
15471
15502
15503
15506
15507
15509
15510
15511
15514
15517
15521
15523
15525
15526
15532
15540
15541
15544
15545
15556
15561
15567
15580
15583
15586
15587
15588
15598
15603
15612
15615
15620
15629
15630
15631
15632
15636
15637
15639
15641
15651
15654
15661
15673
15693
15695
15698
15702
15703
15707
15712
15714
15718
15720
15722
15724
15726
15729
15744
15746
15748
15754
15758
15761
15763
15766
15768
15769
15771
15785
15788
15789
15793
15797
15801
15806
15807
15810
15811
15816
15817
15820
15822
15834
15835
15839
15840
15841
15842
15844
15850
15851
15852
15854
15863
15866
15867
15868
15875
15877
15880
15890
15896
15898
15904
15905
15915
15916
15920
15924
15926
15928
15929
15930
15933
15946
15961
15963
15973
15974
15979
15989
16002
16003
16005
16011
16012
16017
16025
16026
16028
16041
16051
16052
16053
16058
16059
16061
16067
16072
16077
16087
16095
16098
16100
16103
16104
16106
16108
16109
16110
16116
16118
16119
16121
16122
16124
16127
16131
16135
16137
16138
16145
16147
16148
16152
16154
16161
16168
16171
16172
16173
16174
16179
16180
16184
16187
16193
16199
16202
16203
16204
16205
16208
16213
16215
16216
16217
16218
16226
16244
16247
16254
16256
16258
16262
16270
16275
16276
16277
16278
16280
16284
16285
16288
16290
16292
16296
16302
16304
16306
16314
16317
16318
16326
16327
16348
16350
16353
16361
16363
16365
16377
16384
16394
16397
16398
16403
16405
16408
16413
16419
16424
16426
16428
16434
16435
16443
16455
16456
16457
16461
16465
16468
16482
16485
16486
16492
16508
16532
16534
16537
16538
16540
16541
16555
16557
16560
16562
16563
16565
16568
16570
16571
16573
16574
16575
16576
16577
16581
16585
16590
16598
16608
16612
16613
16626
16627
16634
16641
16644
16651
16660
16661
16664
16667
16670
16673
16678
16679
16682
16683
16685
16686
16709
16715
16718
16724
16728
16729
16735
16741
16750
16756
16762
16768
16775
16778
16795
16796
16802
16804
16808
16811
16813
16815
16817
16822
16826
16831
16835
16843
16845
16854
16856
16859
16860
16864
16893
16903
16904
16912
16915
16916
16918
16951
16959
16961
16963
16976
16983
16988
16998
16999
17001
17025
17043
17083
17096
17102
17116
17117
17118
17119
17120
17122
17124
17126
17148
17150
17151
17155
17156
17162
17178
17179
17180
17182
17185
17191
17195
17207
17217
17247
17268
17289
17306
17313
17314
17320
17323
17324
17334
17336
17338
17345
17361
17383
17420
17431
17437
17445
17451
17454
17458
17466
17500
17502
17503
17507
17530
17567
17570
17578
17580
17594
17596
17609
17617
17618
17634
17635
17637
17638
17646
17647
17686
17703
17739
17764
17768
17771
17780
17802
17813
17822
17839
17844
17851
17857
17865
17880
17889
17893
17900
17958
17959
17972
17978
17980
17989
17992
18010
18014
18029
18039
18040
18059
18065
18077
18079
18081
18115
18120
18135
18148
18149
18151
18159
18176
18179
18184
18197
18200
18223
18224
18231
18235
18246
18250
18262
18293
18318
18336
18337
18340
18341
18342
18345
18346
18349
18376
18380
18381
18392
18407
18412
18422
18462
18469
18486
18491
18512
18547
18548
18550
18552
18558
18568
18573
18580
18581
18586
18627
18630
18645
18654
18655
18671
18674
18689
18695
18714
18726
18731
18736
18758
18760
18761
18767
18768
18794
18817
18820
18834
18839
18840
18862
18884
18889
18890
18897
18904
18918
18919
18939
18958
18961
18968
18969
18972
18976
18983
19007
19025
19042
19061
19075
19083
19108
19116
19117
19131
19140
19148
19171
19178
19183
19186
19189
19191
19195
19200
19224
19258
19271
19293
19307
19318
19323
19325
19365
19367
19371
19378
19380
19381
19411
19426
19429
19445
19454
19455
19459
19467
19469
19472
19484
19486
19504
19508
19514
19537
19544
19550
19555
19561
19590
19592
19616
19628
19629
19630
19649
19650
19670
19679
19680
19687
19694
19725
19731
19750
19756
19770
19786
19810
19812
19835
19840
19855
19863
19873
19877
19901
19903
19908
19920
19921
19928
19942
19964
19985
19994
20002
20037
20070
20071
20076
20106
20110
20119
20134
20140
20149
20154
20155
20166
20174
20198
20207
20217
20239
20290
20326
20328
20337
20359
20364
20369
20392
20421
20437
20442
20460
20473
20480
20505
20506
20507
20518
20529
20537
20540
20542
20547
20549
20570
20577
20583
20590
20593
20594
20601
20608
20613
20615
20638
20641
20642
20648
20666
20670
20671
20672
20676
20685
20697
20705
20739
20746
20752
20760
20767
20768
20780
20787
20793
20804
20806
20820
20853
20858
20880
20890
20892
20925
20927
20934
20957
20981
21002
21010
21034
21037
21054
21064
21082
21084
21091
21094
21124
21138
21148
21150
21156
21159
21199
21207
21227
21248
21261
21267
21274
21275
21277
21302
21307
21314
21315
21334
21338
21340
21362
21377
21384
21385
21389
21391
21404
21408
21411
21419
21433
21440
21451
21478
21479
21484
21488
21500
21502
21503
21555
21573
21583
21595
21599
21600
21607
21619
21629
21641
21650
21655
21668
21670
21674
21684
21685
21696
21719
21725
21728
21766
21810
21818
21821
21829
21857
21858
21863
21884
21890
21894
21898
21907
21908
21914
21915
21940
21943
21948
21957
21958
21966
21970
21971
21977
21979
21980
22037
22050
22065
22067
22068
22070
22099
22101
22115
22122
22154
22197
22201
22213
22220
22221
22225
22237
22246
22247
22258
22279
22280
22286
22295
22298
22358
22364
22365
22366
22367
22383
22403
22408
22414
22423
22426
22428
22433
22453
22458
22492
22506
22508
22518
22532
22534
22560
22567
22572
22600
22622
22642
22643
22688
22697
22700
22714
22740
22744
22750
22752
22754
22756
22769
22775
22791
22794
22799
22807
22808
22811
22829
22838
22855
22876
22888
22904
22923
22929
22932
22968
22977
23010
23015
23022
23023
23039
23085
23091
23121
23143
23149
23160
23172
23178
23182
23184
23198
23200
23209
23270
23276
23281
23294
23297
23304
23317
23326
23329
23334
23342
23348
23351
23354
23363
23371
23389
23390
23391
23393
23428
23441
23448
23475
23483
23504
23510
23540
23551
23553
23570
23585
23643
23646
23649
23716
23721
23728
23777
23790
23804
23808
23817
23854
23856
23857
23858
23859
23862
23864
23865
23867
23870
23905
23920
23931
23934
23935
23937
23943
23947
23954
23957
23959
23964
23965
23968
23969
23977
23981
23996
23997
24000
24004
24009
24010
24018
24020
24021
24026
24029
24030
24035
24038
24040
24050
24055
24056
24058
24063
24064
24067
24072
24073
24076
24083
24084
24100
24101
24106
24109
24117
24118
24120
24121
24124
24131
24133
24135
24136
24167
24180
24181
24182
24194
24196
24197
24198
24202
24204
24209
24211
24213
24214
24218
24221
24223
24227
24229
24232
24238
24246
24247
24252
24253
24258
24261
24262
24266
24271
24272
24281
24282
24284
24288
24291
24293
24295
24296
24317
24321
24326
24330
24332
24334
24342
24343
24344
24345
24358
24361
24364
24367
24370
24371
24372
24374
24377
24392
24393
24397
24415
24418
24420
24422
24424
24425
24427
24428
24429
24431
24434
24437
24449
24455
24456
24459
24461
24462
24464
24469
24476
24481
24482
24490
24494
24496
24499
24503
24512
24514
24515
24518
24520
24527
24531
24532
24537
24539
24540
24541
24546
24547
24550
24565
24588
24592
24594
24601
24605
24607
24614
24615
24616
24623
24624
24627
24636
24646
24648
24650
24651
24653
24656
24658
24661
24664
24665
24668
24672
24676
24679
24681
24682
24698
24700
24702
24703
24708
24710
24711
24713
24714
24715
24725
24738
24739
24740
24742
24752
24758
24761
24764
24766
24769
24773
24776
24779
24780
24784
24788
24791
24792
24793
24795
24797
24813
24815
24819
24821
24822
24823
24824
24828
24829
24840
24841
24848
24849
24853
24856
24858
24861
24862
24868
24872
24878
24882
24893
24894
24899
24904
24906
24908
24909
24910
24915
24921
24923
24926
24927
24937
24938
24941
24948
24950
24951
24952
24953
24963
24968
24974
24982
24983
24986
24987
24999
25001
25002
25004
25005
25007
25008
25011
25012
25013
25014
25019
25020
25028
25029
25030
25031
25032
25034
25036
25040
25043
25050
25056
25058
25062
25069
25077
25079
25080
25081
25082
25083
25085
25088
25093
25095
25096
25099
25102
25104
25108
25109
25110
25113
25115
25118
25120
25121
25124
25125
25126
25128
25129
25130
25132
25134
25140
25146
25147
25148
25151
25153
25157
25158
25162
25166
25167
25176
25179
25181
25183
25184
25185
25188
25192
25195
25196
25199
25200
25201
25202
25203
25206
25207
25208
25210
25213
25216
25217
25218
25219
25220
25221
25223
25224
25227
25232
25234
25238
25241
25242
25246
25252
25264
25276
25277
25278
25280
25285
25286
25293
25294
25298
25299
25306
25313
25315
25321
25322
25323
25324
25326
25328
25333
25335
25336
25337
25338
25340
25345
25347
25351
25352
25359
25361
25367
25368
25375
25376
25380
25381
25382
25383
25390
25393
25394
25395
25398
25401
25402
25403
25409
25413
25423
25424
25427
25430
25435
25438
25446
25447
25448
25454
25455
25456
25457
25460
25465
25467
25470
25486
25487
25489
25493
25499
25503
25504
25505
25506
25508
25509
25510
25513
25514
25516
25517
25518
25519
25523
25524
25530
25532
25545
25546
25549
25552
25556
25557
25560
25563
25567
25575
25582
25584
25585
25589
25590
25606
25610
25613
25619
25624
25625
25626
25628
25629
25631
25633
25634
25636
25640
25648
25649
25652
25653
25656
25668
25669
25676
25678
25680
25682
25684
25686
25688
25690
25692
25695
25696
25700
25704
25709
25711
25712
25713
25718
25719
25723
25727
25745
25747
25753
25758
25767
25770
25779
25782
25786
25787
25788
25796
25798
25803
25806
25813
25814
25825
25829
25830
25832
25835
25842
25846
25849
25853
25854
25856
25860
25861
25862
25863
25864
25865
25873
25880
25882
25886
25891
25892
25893
25894
25896
25898
25900
25901
25918
25925
25926
25927
25928
25930
25933
25935
25938
25939
25945
25946
25955
25958
25961
25963
25964
25965
25968
25972
25973
25974
25982
25988
25991
25994
25995
25999
26008
26013
26014
26016
26017
26019
26026
26027
26028
26029
26031
26032
26035
26036
26038
26039
26041
26047
26051
26052
26059
26061
26078
26080
26083
26085
26086
26088
26089
26091
26092
26095
26096
26097
26100
26101
26102
26104
26105
26108
26118
26123
26125
26130
26134
26147
26149
26150
26152
26155
26157
26161
26164
26171
26174
26178
26182
26185
26194
26195
26200
26202
26203
26205
26206
26208
26210
26212
26213
26217
26218
26219
26226
26227
26228
26238
26246
26248
26253
26257
26262
26265
26278
26285
26289
26291
26293
26300
26308
26311
26313
26317
26319
26326
26327
26328
26331
26332
26337
26339
26343
26346
26348
26352
26359
26360
26361
26364
26367
26371
26384
26386
26389
26395
26399
26400
26403
26408
26410
26417
26419
26423
26426
26434
26435
26445
26446
26447
26450
26461
26476
26479
26481
26483
26487
26490
26494
26495
26499
26504
26506
26507
26512
26513
26515
26517
26519
26524
26528
26531
26535
26540
26542
26548
26558
26562
26564
26567
26569
26572
26574
26576
26577
26578
26580
26583
26587
26592
26593
26594
26596
26599
26602
26605
26607
26610
26618
26626
26631
26638
26641
26651
26654
26656
26657
26664
26676
26682
26689
26690
26692
26700
26705
26710
26712
26713
26720
26721
26728
26731
26736
26737
26739
26740
26744
26745
26748
26749
26750
26760
26764
26769
26770
26774
26775
26778
26779
26781
26785
26791
26798
26815
26818
26819
26822
26823
26828
26830
26831
26835
26836
26838
26844
26845
26846
26847
26849
26852
26853
26861
26865
26866
26888
26889
26892
26896
26904
26905
26907
26908
26910
26913
26914
26915
26917
26920
26924
26925
26929
26930
26932
26933
26934
26935
26936
26937
26942
26944
26945
26946
26956
26971
26972
26981
26983
26986
26989
26993
26994
26995
26996
26999
27002
27005
27009
27020
27037
27042
27044
27045
27048
27050
27058
27059
27063
27064
27067
27069
27070
27073
27077
27079
27089
27090
27092
27103
27105
27106
27112
27118
27119
27125
27127
27129
27130
27131
27132
27136
27137
27139
27141
27142
27143
27144
27145
27147
27148
27152
27155
27159
27164
27169
27173
27180
27184
27185
27190
27193
27196
27197
27200
27201
27203
27204
27209
27210
27230
27233
27235
27238
27251
27254
27256
27259
27261
27267
27269
27270
27285
27290
27292
27293
27299
27300
27304
27305
27319
27320
27323
27324
27326
27329
27330
27333
27339
27341
27342
27346
27355
27359
27370
27374
27376
27378
27379
27387
27388
27391
27392
27397
27403
27407
27408
27412
27414
27416
27419
27422
27431
27442
27443
27445
27458
27460
27461
27463
27466
27471
27478
27485
27488
27497
27499
27502
27504
27505
27508
27511
27513
27521
27525
27528
27535
27537
27538
27544
27548
27549
27550
27551
27552
27554
27555
27556
27557
27558
27562
27566
27568
27569
27574
27585
27589
27593
27596
27604
27605
27607
27608
27610
27614
27616
27629
27633
27636
27644
27649
27662
27665
27666
27667
27669
27677
27691
27693
27698
27704
27705
27709
27714
27720
27723
27729
27730
27731
27735
27737
27740
27745
27746
27747
27748
27750
27757
27762
27764
27765
27772
27776
27778
27779
27782
27788
27791
27795
27797
27802
27803
27804
27811
27812
27813
27814
27819
27821
27825
27829
27837
27839
27843
27848
27855
27857
27865
27868
27869
27873
27875
27877
27878
27879
27880
27881
27882
27884
27890
27895
27898
27906
27911
27915
27918
27925
27926
27933
27935
27937
27940
27945
27948
27950
27952
27956
27959
27961
27965
27966
27971
27972
27981
27982
27984
27991
27994
27999
28002
28008
28010
28017
28020
28022
28026
28028
28030
28032
28036
28046
28048
28050
28052
28057
28058
28063
28064
28065
28068
28069
28070
28073
28074
28075
28076
28077
28078
28079
28081
28084
28088
28092
28093
28096
28103
28106
28108
28113
28115
28118
28119
28128
28129
28130
28131
28136
28139
28140
28144
28146
28148
28158
28159
28160
28161
28165
28170
28172
28174
28177
28180
28181
28182
28183
28187
28189
28192
28201
28206
28209
28210
28213
28214
28216
28218
28220
28224
28226
28227
28232
28239
28240
28242
28243
28245
28246
28247
28248
28252
28255
28256
28262
28264
28266
28270
28274
28280
28282
28293
28295
28297
28299
28301
28302
28320
28325
28326
28327
28331
28332
28335
28336
28340
28343
28345
28356
28361
28370
28373
28374
28376
28378
28379
28386
28392
28402
28412
28415
28421
28426
28428
28432
28433
28434
28435
28446
28447
28450
28453
28455
28458
28468
28470
28472
28474
28479
28482
28489
28499
28508
28509
28510
28511
28517
28519
28522
28525
28529
28531
28532
28533
28534
28535
28538
28539
28542
28544
28546
28547
28549
28553
28554
28558
28559
28560
28562
28563
28565
28567
28573
28574
28576
28579
28580
28581
28582
28583
28584
28585
28586
28588
28592
28594
28595
28596
28601
28605
28606
28616
28619
28622
28623
28625
28626
28630
28634
28641
28649
28651
28653
28667
28668
28670
28671
28672
28673
28681
28682
28684
28699
28700
28707
28716
28717
28720
28725
28727
28732
28733
28735
28738
28740
28748
28752
28756
28757
28758
28759
28760
28761
28762
28764
28765
28772
28779
28782
28784
28785
28787
28791
28792
28793
28794
28795
28798
28799
28800
28805
28807
28811
28812
28814
28816
28821
28824
28826
28827
28829
28830
28837
28838
28845
28856
28857
28858
28859
28861
28864
28866
28868
28869
28875
28880
28884
28888
28891
28895
28898
28899
28901
28902
28903
28907
28908
28909
28910
28913
28919
28920
28922
28923
28925
28932
28936
28937
28943
28944
28947
28950
28951
28952
28954
28957
28958
28959
28962
28964
28965
28966
28968
28970
28971
28972
28974
28979
28982
28983
28988
28989
28992
28994
29007
29008
29010
29019
29025
29026
29028
29030
29033
29034
29036
29038
29039
29042
29054
29064
29070
29076
29080
29081
29087
29091
29093
29094
29096
29103
29107
29108
29109
29114
29115
29116
29118
29121
29122
29124
29125
29130
29131
29138
29139
29142
29144
29153
29155
29159
29167
29174
29180
29181
29182
29187
29188
29189
29190
29191
29197
29198
29201
29204
29207
29214
29217
29218
29219
29223
29228
29233
29237
29240
29241
29244
29245
29250
29251
29264
29265
29267
29268
29269
29271
29273
29274
29277
29278
29281
29290
29299
29302
29304
29305
29314
29325
29330
29332
29335
29336
29337
29338
29345
29351
29353
29361
29367
29373
29375
29382
29384
29386
29393
29398
29401
29403
29415
29417
29420
29424
29439
29442
29453
29454
29455
29456
29461
29464
29466
29469
29471
29475
29476
29479
29485
29488
29493
29496
29497
29499
29502
29503
29507
29517
29518
29519
29520
29521
29525
29527
29531
29535
29537
29540
29542
29543
29544
29551
29561
29565
29568
29569
29571
29572
29590
29593
29594
29603
29609
29616
29621
29623
29628
29629
29635
29646
29649
29650
29652
29656
29659
29661
29662
29666
29668
29672
29674
29681
29682
29685
29695
29701
29710
29711
29713
29722
29724
29725
29727
29729
29730
29733
29735
29739
29740
29747
29758
29761
29764
29772
29774
29782
29788
29810
29812
29813
29831
29832
29837
29838
29839
29842
29845
29855
29861
29868
29870
29871
29872
29873
29874
29876
29879
29883
29884
29885
29891
29892
29894
29902
29903
29917
29918
29922
29923
29925
29932
29934
29935
29938
29939
29943
29948
29952
29958
29960
29964
29967
29969
29972
29974
29975
29978
29980
29982
29983
29984
29986
29989
29990
29991
30000
30002
30005
30007
30008
30010
30020
30029
30030
30032
30035
30040
30041
30044
30057
30066
30073
30084
30090
30108
30115
30118
30125
30129
30130
30137
30144
30148
30152
30154
30158
30163
30169
30188
30194
30208
30222
30231
30240
30245
30260
30262
30270
30271
30273
30274
30276
30283
30285
30287
30288
30289
30290
30292
30300
30317
30320
30325
30326
30330
30342
30353
30356
30359
30361
30362
30365
30367
30370
30371
30373
30375
30380
30383
30384
30385
30389
30394
30395
30410
30415
30416
30417
30419
30420
30421
30423
30426
30429
30435
30436
30442
30453
30454
30462
30468
30477
30486
30491
30497
30501
30506
30513
30522
30528
30529
30531
30535
30537
30538
30541
30548
30549
30552
30554
30563
30564
30567
30571
30573
30574
30575
30578
30579
30580
30582
30584
30587
30589
30595
30598
30601
30605
30608
30610
30611
30617
30622
30629
30631
30632
30635
30640
30644
30645
30652
30656
30662
30664
30673
30676
30677
30679
30683
30686
30698
30700
30704
30707
30709
30710
30721
30722
30723
30726
30727
30728
30738
30740
30741
30743
30746
30750
30751
30754
30755
30759
30762
30772
30773
30775
30778
30779
30781
30787
30788
30790
30791
30803
30805
30806
30807
30817
30820
30827
30837
30840
30841
30863
30866
30892
30894
30896
30897
30900
30902
30920
30926
30940
30949
30961
30963
30968
30985
30999
31003
31005
31018
31020
31022
31025
31026
31028
31030
31033
31037
31062
31065
31066
31067
31069
31072
31074
31077
31080
31082
31084
31085
31087
31092
31093
31094
31095
31096
31097
31098
31099
31101
31102
31104
31107
31109
31110
31116
31117
31119
31122
31130
31135
31138
31139
31140
31143
31148
31151
31153
31154
31156
31158
31161
31165
31175
31177
31179
31183
31185
31194
31210
31214
31215
31223
31225
31234
31236
31249
31253
31260
31266
31272
31273
31275
31276
31278
31279
31281
31282
31283
31289
31292
31294
31298
31300
31302
31303
31308
31312
31315
31316
31323
31327
31328
31329
31331
31332
31339
31356
31367
31371
31376
31377
31388
31393
31398
31402
31403
31405
31407
31416
31417
31422
31427
31436
31437
31439
31441
31453
31457
31458
31468
31478
31480
31482
31493
31507
31521
31524
31530
31531
31536
31541
31547
31548
31550
31551
31552
31554
31555
31556
31565
31569
31581
31589
31591
31592
31593
31597
31605
31608
31609
31617
31618
31625
31627
31645
31654
31657
31659
31660
31661
31664
31665
31666
31668
31678
31679
31683
31684
31686
31701
31702
31704
31707
31710
31712
31715
31719
31720
31725
31730
31741
31743
31745
31746
31754
31756
31757
31758
31759
31760
31761
31764
31771
31772
31777
31789
31796
31817
31822
31827
31828
31843
31847
31855
31860
31863
31887
31889
31890
31891
31893
31896
31897
31898
31900
31907
31909
31912
31918
31921
31922
31926
31929
31935
31938
31942
31943
31963
31966
31971
31975
31977
31980
31985
31999
32004
32006
32013
32020
32021
32026
32028
32029
32031
32032
32037
32038
32040
32042
32043
32047
32048
32050
32057
32059
32066
32067
32071
32073
32078
32079
32080
32083
32086
32089
32093
32097
32101
32112
32119
32120
32124
32127
32137
32138
32140
32141
32143
32168
32172
32175
32182
32186
32194
32195
32196
32199
32205
32206
32209
32221
32226
32230
32244
32258
32259
32263
32270
32274
32275
32282
32289
32290
32291
32293
32296
32298
32300
32301
32304
32305
32307
32313
32337
32342
32343
32345
32348
32351
32356
32358
32360
32362
32367
32368
32370
32377
32395
32403
32407
32415
32429
32435
32441
32448
32450
32459
32460
32461
32465
32466
32473
32476
32478
32481
32485
32490
32491
32492
32503
32504
32516
32518
32524
32525
32526
32534
32537
32545
32553
32557
32564
32565
32570
32571
32575
32580
32582
32585
32590
32591
32592
32593
32594
32595
32598
32600
32604
32606
32607
32612
32618
32619
32622
32624
32631
32640
32642
32644
32650
32651
32652
32653
32662
32663
32666
32675
32677
32679
32682
32684
32686
32708
32715
32717
32719
32723
32725
32727
32729
32730
32734
32736
32741
32750
32757
32763
32780
32783
32784
32785
32789
32791
32793
32795
32796
32798
32800
32803
32806
32813
32814
32819
32820
32823
32825
32830
32837
32838
32845
32852
32857
32862
32871
32872
32880
32881
32884
32886
32888
32890
32894
32903
32904
32909
32911
32912
32915
32918
32922
32928
32933
32934
32939
32942
32944
32945
32956
32961
32962
32968
32977
32979
32982
32983
32994
32998
33001
33002
33011
33019
33025
33028
33029
33038
33040
33041
33044
33048
33049
33051
33054
33057
33062
33065
33066
33067
33070
33071
33072
33075
33086
33087
33097
33107
33110
33129
33145
33150
33152
33158
33159
33167
33170
33173
33176
33184
33189
33190
33207
33217
33219
33235
33239
33242
33243
33248
33251
33252
33257
33259
33260
33261
33262
33265
33266
33268
33277
33283
33284
33287
33298
33302
33317
33320
33323
33325
33328
33329
33360
33361
33373
33381
33382
33384
33387
33389
33392
33393
33397
33407
33415
33417
33418
33424
33427
33428
33432
33438
33451
33452
33457
33458
33468
33479
33496
33503
33507
33512
33513
33535
33538
33540
33543
33544
33545
33547
33552
33555
33558
33559
33561
33562
33563
33565
33570
33571
33573
33574
33576
33578
33582
33583
33586
33588
33591
33593
33604
33615
33617
33623
33626
33627
33630
33631
33639
33640
33641
33643
33648
33651
33654
33656
33657
33664
33665
33674
33697
33700
33707
33710
33724
33728
33738
33742
33748
33751
33753
33757
33760
33762
33764
33765
33766
33767
33771
33777
33790
33793
33796
33802
33809
33813
33814
33826
33827
33844
33846
33847
33851
33867
33869
33870
33879
33884
33887
33893
33910
33915
33920
33935
33941
33945
33949
33950
33951
33952
33953
33959
33970
33973
33976
33979
33980
33981
33987
33990
34002
34005
34008
34019
34043
34047
34048
34061
34069
34070
34072
34073
34074
34076
34079
34081
34088
34089
34091
34100
34102
34106
34112
34115
34148
34150
34152
34155
34174
34175
34186
34190
34211
34212
34216
34218
34221
34230
34241
34242
34243
34246
34258
34259
34266
34276
34280
34296
34299
34302
34303
34304
34307
34310
34312
34313
34323
34324
34328
34330
34343
34349
34354
34355
34365
34368
34373
34374
34376
34377
34378
34380
34384
34409
34413
34421
34422
34423
34426
34427
34430
34436
34440
34442
34446
34449
34458
34459
34460
34466
34467
34473
34475
34477
34481
34503
34509
34513
34526
34529
34539
34540
34548
34551
34552
34554
34555
34557
34561
34564
34566
34572
34573
34579
34580
34586
34593
34596
34607
34610
34612
34613
34614
34616
34623
34627
34633
34644
34647
34653
34659
34664
34671
34674
34675
34676
34677
34686
34687
34690
34697
34710
34712
34718
34721
34724
34727
34729
34731
34732
34733
34735
34737
34740
34743
34744
34745
34747
34749
34750
34751
34754
34757
34762
34768
34772
34774
34775
34785
34787
34788
34792
34793
34795
34796
34797
34798
34799
34800
34802
34803
34805
34806
34808
34813
34821
34822
34841
34842
34847
34854
34858
34870
34871
34874
34877
34896
34899
34902
34904
34906
34908
34915
34916
34917
34918
34920
34921
34924
34925
34939
34942
34947
34954
34961
34964
34968
34970
34978
34990
34997
34998
35000
35009
35025
35026
35031
35037
35040
35041
35044
35045
35048
35050
35053
35055
35059
35060
35064
35073
35077
35083
35085
35087
35101
35112
35113
35114
35116
35121
35122
35124
35125
35127
35129
35131
35132
35133
35137
35138
35139
35141
35146
35161
35175
35180
35186
35189
35196
35198
35213
35223
35226
35242
35250
35251
35256
35266
35267
35274
35280
35281
35294
35296
35298
35302
35305
35310
35312
35316
35323
35327
35333
35340
35342
35343
35358
35363
35366
35374
35378
35385
35386
35395
35411
35419
35421
35423
35428
35446
35452
35454
35455
35457
35466
35469
35472
35475
35480
35483
35486
35490
35492
35493
35496
35497
35503
35511
35514
35519
35525
35527
35545
35546
35550
35552
35554
35559
35569
35574
35575
35579
35583
35590
35592
35593
35600
35601
35603
35606
35615
35616
35624
35628
35631
35641
35646
35673
35676
35677
35679
35687
35690
35700
35708
35709
35710
35743
35770
35796
35806
35809
35812
35839
35844
35857
35859
35862
35863
35877
35885
35886
35887
35891
35893
35894
35898
35899
35905
35908
35911
35923
35929
35930
35931
35933
35934
35936
35937
35940
35942
35944
35946
35952
35953
35958
35961
35964
35965
35971
35973
35977
35980
35990
36013
36014
36020
36026
36028
36032
36035
36036
36042
36049
36054
36060
36064
36067
36081
36083
36085
36086
36091
36093
36095
36098
36099
36101
36105
36111
36124
36126
36133
36141
36147
36150
36155
36156
36161
36164
36170
36176
36193
36208
36211
36214
36222
36230
36232
36237
36240
36253
36258
36260
36268
36270
36280
36284
36293
36294
36298
36303
36305
36307
36311
36312
36314
36316
36320
36335
36340
36343
36358
36361
36366
36370
36372
36390
36396
36397
36404
36405
36410
36411
36412
36413
36415
36419
36425
36429
36440
36444
36447
36456
36457
36460
36464
36468
36469
36472
36474
36477
36481
36483
36488
36491
36492
36493
36495
36513
36516
36517
36521
36522
36523
36525
36526
36530
36531
36532
36533
36535
36536
36538
36542
36543
36546
36551
36555
36558
36559
36563
36569
36571
36572
36576
36580
36584
36585
36586
36603
36617
36624
36626
36629
36632
36633
36642
36646
36650
36655
36662
36663
36672
36674
36677
36679
36693
36694
36705
36706
36714
36717
36719
36720
36723
36726
36727
36728
36729
36730
36731
36735
36737
36738
36739
36740
36741
36742
36744
36764
36769
36770
36773
36777
36778
36781
36783
36785
36786
36788
36790
36797
36798
36809
36812
36814
36820
36845
36861
36871
36874
36877
36878
36883
36889
36891
36892
36901
36907
36912
36925
36926
36930
36940
36942
36943
36946
36950
36956
36965
36968
36970
36976
36978
36984
36993
36996
36998
37003
37007
37009
37023
37024
37026
37027
37028
37030
37034
37035
37036
37039
37040
37044
37045
37047
37051
37054
37056
37057
37062
37063
37065
37069
37072
37077
37080
37082
37083
37085
37086
37091
37109
37114
37115
37116
37128
37129
37133
37134
37135
37139
37145
37148
37155
37158
37159
37161
37162
37167
37174
37181
37183
37186
37189
37190
37191
37202
37209
37213
37219
37221
37223
37227
37233
37235
37240
37242
37249
37251
37256
37257
37261
37264
37267
37270
37271
37276
37285
37287
37289
37290
37292
37307
37313
37316
37320
37324
37326
37327
37334
37339
37344
37346
37349
37351
37353
37358
37359
37364
37371
37372
37376
37377
37382
37385
37386
37388
37394
37400
37404
37409
37410
37416
37418
37427
37430
37436
37440
37444
37445
37448
37458
37465
37466
37467
37468
37472
37473
37474
37476
37477
37479
37481
37490
37491
37492
37493
37495
37497
37498
37500
37503
37509
37511
37514
37515
37516
37517
37523
37540
37541
37548
37551
37552
37554
37555
37558
37560
37561
37562
37564
37565
37566
37571
37572
37573
37587
37588
37589
37592
37594
37596
37602
37605
37612
37614
37622
37623
37635
37647
37649
37651
37662
37665
37667
37673
37674
37675
37680
37682
37686
37689
37695
37698
37701
37704
37709
37715
37718
37719
37724
37732
37738
37740
37756
37757
37761
37763
37766
37769
37780
37781
37783
37790
37794
37797
37804
37814
37818
37824
37830
37835
37837
37842
37846
37852
37858
37861
37866
37868
37869
37872
37876
37877
37881
37887
37890
37899
37900
37909
37913
37916
37922
37923
37926
37930
37945
37947
37953
37962
37971
37987
37991
38002
38005
38008
38010
38011
38015
38016
38017
38027
38029
38030
38033
38035
38039
38051
38055
38056
38059
38061
38063
38069
38070
38077
38085
38087
38096
38100
38102
38105
38118
38121
38122
38126
38129
38131
38141
38142
38144
38147
38148
38149
38154
38166
38171
38182
38185
38187
38192
38198
38200
38207
38209
38229
38233
38249
38264
38270
38272
38274
38277
38292
38293
38294
38295
38296
38303
38308
38318
38322
38325
38327
38329
38331
38332
38333
38337
38349
38351
38368
38373
38376
38379
38380
38382
38383
38385
38392
38399
38400
38405
38406
38407
38413
38416
38417
38419
38420
38422
38423
38427
38432
38434
38438
38441
38449
38451
38474
38475
38485
38495
38501
38504
38508
38521
38525
38530
38531
38548
38561
38565
38567
38568
38569
38580
38589
38592
38598
38599
38612
38614
38615
38617
38621
38628
38639
38646
38647
38648
38649
38650
38655
38659
38660
38662
38667
38668
38669
38670
38671
38678
38680
38691
38692
38706
38708
38709
38714
38719
38721
38723
38731
38740
38754
38762
38765
38768
38771
38780
38781
38786
38787
38793
38796
38800
38802
38824
38825
38827
38830
38832
38833
38834
38836
38837
38841
38848
38849
38850
38852
38854
38858
38865
38874
38884
38885
38886
38888
38892
38893
38895
38897
38899
38900
38903
38906
38907
38910
38912
38915
38917
38918
38924
38926
38927
38929
38945
38951
38960
38964
38970
38971
38972
38979
38981
38982
38993
38995
38996
38998
38999
39000
39002
39003
39004
39007
39008
39016
39018
39022
39031
39032
39034
39035
39036
39038
39039
39040
39041
39044
39046
39048
39056
39058
39062
39069
39070
39073
39074
39079
39081
39084
39094
39096
39098
39102
39103
39110
39111
39114
39115
39116
39117
39121
39128
39135
39142
39145
39149
39151
39166
39180
39182
39204
39207
39218
39223
39225
39237
39240
39244
39254
39263
39270
39272
39278
39286
39291
39308
39309
39312
39313
39318
39326
39329
39333
39335
39346
39347
39351
39352
39354
39355
39362
39363
39372
39375
39376
39379
39384
39385
39389
39390
39392
39394
39395
39398
39405
39411
39413
39419
39429
39434
39435
39441
39444
39446
39455
39461
39463
39465
39466
39476
39480
39481
39483
39484
39485
39488
39491
39497
39509
39515
39518
39520
39529
39530
39534
39539
39541
39550
39552
39559
39562
39567
39568
39574
39576
39577
39585
39596
39603
39604
39625
39628
39629
39630
39631
39632
39633
39638
39639
39644
39654
39661
39663
39664
39665
39666
39673
39677
39682
39690
39691
39693
39695
39697
39701
39726
39727
39731
39735
39748
39756
39764
39781
39784
39785
39787
39789
39801
39808
39810
39812
39819
39820
39821
39823
39831
39832
39836
39840
39847
39850
39852
39854
39855
39857
39859
39860
39869
39880
39890
39893
39895
39896
39898
39909
39910
39915
39922
39923
39924
39925
39926
39928
39931
39933
39934
39935
39936
39938
39939
39941
39948
39950
39951
39958
39959
39963
39969
39972
39976
39977
39978
39984
39987
39990
39994
39995
40012
40016
40026
40031
40034
40036
40037
40038
40039
40044
40047
40052
40055
40057
40060
40065
40068
40071
40076
40078
40080
40084
40088
40089
40090
40091
40096
40103
40114
40116
40117
40120
40122
40123
40125
40135
40136
40137
40139
40141
40142
40145
40149
40157
40158
40167
40174
40184
40187
40191
40193
40196
40201
40202
40206
40212
40213
40216
40223
40225
40226
40228
40230
40231
40233
40235
40237
40245
40254
40262
40265
40273
40276
40279
40287
40290
40291
40294
40295
40296
40297
40304
40305
40306
40314
40315
40318
40319
40322
40323
40325
40326
40327
40332
40336
40344
40346
40349
40353
40358
40360
40363
40375
40376
40384
40385
40388
40392
40393
40394
40395
40398
40399
40400
40401
40402
40404
40408
40409
40410
40425
40427
40442
40443
40447
40450
40452
40454
40457
40462
40472
40474
40475
40477
40480
40486
40487
40496
40498
40500
40502
40504
40511
40522
40527
40529
40533
40536
40542
40544
40547
40548
40549
40550
40551
40555
40557
40559
40561
40563
40565
40567
40575
40579
40589
40597
40600
40601
40602
40606
40610
40614
40615
40616
40621
40637
40644
40645
40647
40648
40664
40676
40679
40683
40684
40687
40688
40692
40693
40697
40698
40700
40711
40716
40718
40722
40726
40727
40729
40732
40735
40738
40742
40750
40752
40753
40754
40755
40760
40762
40766
40767
40771
40772
40777
40781
40782
40796
40809
40812
40821
40825
40826
40830
40831
40832
40834
40836
40840
40842
40845
40860
40863
40865
40867
40872
40873
40881
40882
40883
40890
40892
40894
40896
40912
40918
40919
40921
40923
40926
40931
40935
40939
40940
40944
40952
40957
40964
40966
40968
40969
40970
40974
40975
40977
40982
40984
40985
40986
40988
40989
40994
40999
41004
41011
41021
41030
41037
41038
41043
41049
41054
41061
41067
41070
41071
41086
41095
41098
41100
41101
41107
41108
41109
41112
41121
41123
41129
41132
41133
41134
41135
41136
41138
41141
41142
41143
41145
41149
41151
41153
41158
41161
41175
41176
41182
41196
41199
41200
41202
41205
41206
41207
41208
41209
41210
41212
41218
41224
41226
41228
41229
41230
41235
41239
41242
41247
41248
41250
41251
41252
41260
41265
41286
41291
41293
41295
41298
41300
41308
41315
41316
41329
41331
41334
41336
41345
41346
41348
41350
41360
41368
41374
41377
41381
41383
41385
41387
41388
41397
41401
41403
41404
41409
41411
41416
41421
41433
41434
41435
41439
41440
41442
41443
41444
41445
41447
41454
41459
41464
41469
41472
41478
41479
41482
41499
41515
41516
41519
41521
41527
41531
41534
41539
41542
41547
41549
41550
41551
41552
41555
41557
41560
41561
41563
41572
41577
41579
41580
41582
41583
41588
41589
41591
41592
41596
41603
41604
41606
41608
41612
41624
41625
41651
41652
41663
41665
41667
41678
41680
41685
41692
41693
41695
41696
41697
41700
41702
41703
41708
41709
41726
41728
41732
41734
41750
41760
41761
41766
41780
41781
41786
41790
41810
41821
41822
41823
41826
41829
41846
41847
41848
41849
41851
41854
41856
41871
41879
41883
41888
41898
41912
41932
41939
41960
41964
41967
41974
41992
42008
42009
42014
42019
42020
42021
42022
42026
42036
42044
42047
42049
42050
42051
42053
42062
42067
42068
42072
42075
42083
42086
42113
42122
42126
42139
42140
42141
42150
42156
42170
42179
42192
42202
42203
42214
42218
42233
42254
42257
42259
42260
42270
42274
42284
42286
42294
42307
42317
42335
42339
42342
42346
42347
42348
42366
42368
42372
42383
42384
42386
42392
42407
42423
42432
42439
42442
42446
42448
42462
42476
42480
42491
42505
42511
42518
42526
42529
42531
42533
42534
42535
42540
42544
42545
42550
42554
42556
42573
42582
42589
42590
42595
42599
42606
42618
42620
42632
42657
42662
42665
42668
42669
42698
42700
42701
42704
42705
42710
42711
42712
42717
42721
42722
42743
42760
42766
42772
42782
42790
42796
42799
42800
42805
42809
42816
42828
42835
42838
42844
42847
42853
42856
42864
42868
42871
42884
42885
42891
42897
42906
42911
42932
42934
42935
42936
42938
42955
42962
42965
42972
42981
42984
42997
43002
43004
43012
43030
43031
43044
43056
43058
43092
43106
43116
43119
43126
43132
43133
43139
43146
43157
43169
43178
43194
43202
43206
43238
43242
43243
43245
43248
43252
43256
43260
43271
43272
43274
43277
43280
43292
43293
43324
43328
43335
43344
43350
43354
43355
43356
43358
43366
43369
43379
43392
43396
43406
43407
43414
43415
43429
43431
43433
43434
43441
43442
43447
43448
43457
43459
43467
43468
43471
43473
43474
43475
43480
43488
43490
43495
43497
43504
43510
43511
43519
43536
43541
43542
43559
43562
43573
43583
43595
43596
43599
43601
43604
43606
43619
43624
43632
43640
43641
43649
43652
43656
43659
43661
43663
43669
43670
43672
43685
43689
43697
43700
43702
43703
43708
43710
43711
43713
43714
43719
43724
43728
43746
43749
43763
43772
43776
43787
43795
43801
43804
43807
43814
43827
43830
43838
43840
43841
43856
43859
43869
43873
43883
43894
43901
43908
43919
43931
43937
43945
43950
43964
43965
43990
43993
43996
44015
44019
44021
44026
44046
44051
44070
44071
44074
44075
44081
44083
44100
44101
44103
44109
44116
44125
44151
44154
44155
44173
44181
44183
44184
44185
44186
44189
44190
44193
44207
44210
44215
44222
44233
44247
44251
44257
44264
44265
44270
44289
44293
44297
44300
44312
44313
44318
44337
44340
44374
44393
44395
44397
44400
44404
44414
44421
44422
44435
44457
44488
44490
44507
44516
44526
44529
44536
44553
44555
44556
44567
44577
44579
44580
44582
44583
44584
44585
44597
44613
44616
44623
44626
44633
44639
44643
44652
44653
44654
44658
44662
44665
44669
44673
44677
44686
44693
44698
44699
44703
44706
44708
44710
44715
44722
44723
44742
44752
44753
44754
44762
44765
44770
44779
44792
44800
44805
44809
44813
44824
44835
44850
44852
44857
44862
44863
44864
44865
44872
44877
44879
44899
44902
44906
44921
44923
44926
44928
44929
44935
44939
44944
44955
44956
44959
44964
44966
44988
44989
44996
44998
45002
45004
45005
45006
45007
45010
45013
45016
45017
45019
45023
45029
45033
45041
45045
45048
45072
45075
45076
45077
45080
45089
45091
45092
45095
45098
45105
45106
45111
45114
45117
45122
45133
45134
45136
45137
45138
45165
45191
45195
45199
45211
45222
45227
45235
45239
45241
45242
45249
45260
45262
45267
45268
45275
45278
45280
45281
45289
45293
45294
45295
45299
45301
45317
45319
45343
45345
45346
45354
45356
45372
45382
45384
45390
45395
45404
45406
45431
45451
45469
45471
45472
45491
45496
45501
45503
45504
45513
45514
45517
45518
45520
45524
45528
45529
45531
45532
45536
45547
45555
45558
45564
45572
45577
45579
45581
45583
45584
45586
45588
45596
45599
45603
45604
45609
45613
45614
45618
45620
45626
45628
45639
45643
45644
45654
45668
45673
45675
45678
45686
45693
45695
45709
45712
45735
45739
45750
45755
45765
45766
45776
45784
45793
45801
45804
45820
45833
45838
45840
45852
45855
45869
45872
45874
45877
45878
45879
45880
45888
45897
45904
45908
45914
45920
45924
45925
45926
45927
45933
45935
45940
45942
45945
45951
45965
45983
45985
45988
45997
46022
46029
46035
46040
46045
46049
46053
46063
46069
46070
46075
46076
46077
46083
46088
46089
46093
46098
46109
46113
46115
46133
46138
46158
46160
46176
46177
46184
46192
46201
46210
46213
46225
46235
46236
46239
46246
46248
46250
46257
46273
46274
46283
46292
46297
46311
46313
46320
46328
46330
46332
46333
46335
46336
46338
46342
46344
46347
46357
46359
46360
46363
46397
46401
46405
46406
46418
46424
46443
46456
46458
46459
46465
46472
46473
46475
46483
46485
46487
46489
46490
46504
46507
46509
46511
46512
46515
46516
46526
46529
46531
46533
46538
46539
46557
46564
46565
46566
46573
46582
46587
46598
46611
46616
46624
46635
46637
46639
46640
46642
46646
46647
46649
46650
46653
46656
46662
46666
46669
46676
46677
46678
46689
46693
46711
46715
46720
46727
46730
46743
46755
46756
46767
46771
46778
46782
46785
46790
46797
46817
46819
46822
46824
46827
46830
46831
46833
46837
46838
46839
46843
46863
46869
46871
46873
46874
46881
46882
46887
46888
46890
46899
46907
46912
46927
46952
46956
46958
46959
46960
46962
46964
46965
46966
46969
46972
46974
46979
46982
47003
47005
47011
47014
47024
47049
47063
47067
47073
47077
47082
47110
47114
47118
47121
47131
47133
47134
47135
47138
47147
47150
47151
47174
47175
47195
47198
47206
47210
47220
47227
47240
47246
47248
47256
47261
47277
47290
47295
47297
47312
47314
47315
47318
47324
47337
47342
47383
47385
47392
47396
47400
47401
47405
47408
47420
47421
47423
47427
47435
47437
47444
47447
47448
47449
47463
47464
47475
47477
47484
47504
47510
47514
47522
47528
47530
47543
47556
47560
47563
47582
47587
47594
47616
47625
47629
47634
47643
47648
47655
47659
47667
47676
47677
47679
47681
47684
47688
47703
47711
47723
47725
47734
47742
47763
47767
47793
47803
47804
47854
47876
47881
47883
47885
47886
47897
47898
47899
47900
47905
47918
47921
47924
47930
47932
47938
47944
47947
47954
47967
47979
47987
47995
47996
47997
48000
48002
48003
48005
48011
48013
48018
48019
48023
48036
48038
48044
48048
48052
48053
48067
48070
48074
48085
48092
48101
48102
48109
48116
48120
48122
48134
48137
48144
48146
48151
48156
48159
48169
48171
48172
48179
48195
48205
48207
48214
48216
48217
48229
48237
48240
48255
48261
48267
48273
48279
48280
48286
48292
48293
48294
48308
48319
48320
48323
48331
48346
48351
48354
48355
48356
48373
48389
48404
48405
48406
48414
48422
48423
48426
48428
48434
48438
48440
48442
48459
48463
48464
48475
48485
48492
48501
48506
48508
48510
48511
48513
48517
48518
48520
48522
48523
48526
48528
48535
48538
48543
48547
48556
48557
48561
48562
48565
48566
48567
48568
48570
48596
48601
48604
48606
48607
48609
48615
48617
48618
48619
48626
48630
48633
48639
48649
48653
48654
48656
48657
48659
48660
48661
48663
48664
48665
48667
48669
48677
48684
48693
48701
48704
48719
48722
48723
48736
48743
48744
48745
48747
48748
48754
48756
48757
48760
48761
48763
48766
48770
48772
48774
48777
48783
48786
48790
48793
48798
48807
48810
48811
48815
48819
48826
48831
48832
48833
48834
48839
48847
48866
48867
48873
48875
48888
48892
48911
48912
48922
48926
48930
48932
48938
48955
48962
48969
48975
48976
48978
48979
48985
48988
49009
49012
49024
49028
49038
49040
49043
49049
49051
49052
49099
49105
49107
49112
49122
49131
49146
49148
49149
49153
49158
49159
49160
49163
49165
49168
49173
49174
49183
49184
49210
49211
49227
49234
49258
49261
49263
49269
49274
49280
49281
49282
49284
49285
49291
49308
49330
49331
49334
49336
49339
49341
49346
49347
49354
49356
49359
49360
49361
49367
49369
49375
49385
49387
49390
49391
49394
49395
49396
49403
49410
49412
49420
49426
49431
49434
49437
49441
49451
49458
49461
49475
49476
49477
49485
49486
49489
49490
49499
49503
49507
49517
49521
49524
49525
49528
49531
49545
49546
49551
49555
49565
49567
49571
49584
49600
49602
49603
49609
49615
49622
49629
49640
49642
49644
49653
49654
49655
49657
49658
49659
49665
49666
49675
49682
49683
49687
49695
49707
49718
49719
49721
49726
49728
49733
49736
49746
49750
49756
49759
49768
49774
49778
49788
49789
49796
49814
49816
49823
49827
49842
49851
49862
49863
49866
49868
49870
49880
49881
49891
49911
49914
49916
49919
49927
49936
49940
49945
49965
49967
49970
49977
49980
49981
49984
49991
49994
49997
49998
50009
50034
50035
50046
50054
50065
50083
50088
50096
50105
50111
50114
50142
50143
50151
50155
50163
50179
50188
50193
50217
50218
50219
50220
50224
50225
50229
50232
50237
50246
50249
50250
50256
50258
50275
50281
50283
50323
50330
50335
50338
50339
50342
50345
50351
50361
50366
50369
50371
50385
50396
50403
50409
50418
50445
50466
50475
50476
50479
50486
50496
50501
50512
50513
50518
50553
50555
50556
50557
50563
50564
50576
50607
50616
50619
50625
50632
50633
50634
50635
50641
50643
50644
50647
50649
50651
50655
50656
50657
50661
50662
50665
50666
50667
50673
50674
50677
50683
50695
50700
50701
50704
50706
50708
50709
50711
50713
50714
50715
50723
50724
50725
50727
50734
50739
50746
50747
50753
50756
50778
50783
50787
50788
50793
50825
50836
50847
50849
50850
50854
50855
50856
50858
50859
50866
50876
50881
50882
50886
50887
50888
50890
50896
50897
50899
50906
50907
50913
50917
50926
50928
50930
50936
50948
50949
50953
50957
50963
50971
50975
50976
50977
50979
50992
51006
51019
51027
51028
51032
51039
51046
51047
51054
51055
51059
51061
51064
51074
51079
51081
51085
51086
51090
51091
51092
51093
51104
51109
51115
51126
51133
51136
51145
51149
51154
51157
51160
51162
51167
51170
51179
51187
51188
51189
51190
51206
51210
51213
51216
51219
51220
51223
51226
51229
51230
51234
51239
51241
51246
51252
51259
51275
51281
51286
51296
51302
51308
51309
51310
51316
51319
51320
51322
51333
51339
51344
51345
51355
51361
51365
51372
51383
51387
51388
51399
51409
51417
51428
51430
51439
51445
51447
51469
51477
51481
51494
51495
51499
51504
51508
51516
51517
51520
51526
51536
51542
51544
51552
51554
51557
51558
51560
51561
51564
51566
51567
51568
51569
51570
51571
51574
51578
51580
51583
51588
51589
51597
51609
51610
51620
51623
51632
51648
51666
51677
51682
51685
51688
51692
51696
51701
51706
51710
51712
51716
51722
51727
51729
51763
51764
51766
51778
51783
51786
51789
51801
51806
51808
51810
51817
51822
51823
51830
51831
51834
51841
51844
51848
51849
51850
51852
51855
51860
51866
51867
51868
51874
51877
51878
51881
51889
51898
51902
51916
51917
51922
51934
51941
51942
51943
51944
51947
51950
51951
51970
51977
51982
51986
51987
51988
51990
51993
51995
51996
51997
51998
52000
52002
52003
52005
52014
52032
52039
52040
52047
52048
52049
52058
52068
52072
52083
52099
52108
52115
52117
52119
52122
52124
52133
52142
52144
52151
52154
52156
52167
52179
52182
52190
52191
52196
52197
52213
52214
52229
52243
52249
52250
52254
52257
52260
52267
52269
52276
52278
52290
52302
52303
52304
52309
52311
52313
52314
52321
52333
52334
52350
52358
52363
52365
52374
52376
52377
52378
52392
52397
52407
52409
52413
52416
52418
52424
52426
52429
52436
52443
52447
52453
52468
52488
52491
52497
52502
52504
52510
52511
52513
52515
52528
52529
52530
52538
52542
52546
52561
52562
52563
52566
52567
52568
52572
52584
52587
52589
52590
52601
52613
52618
52624
52629
52631
52632
52633
52637
52640
52647
52648
52657
52658
52663
52675
52677
52683
52694
52698
52699
52700
52701
52712
52713
52722
52725
52730
52732
52736
52741
52742
52751
52753
52762
52765
52772
52774
52782
52783
52790
52798
52801
52810
52815
52818
52820
52822
52826
52828
52839
52851
52853
52856
52860
52861
52864
52875
52881
52883
52895
52899
52909
52910
52915
52927
52933
52939
52951
52952
52960
52964
52979
52981
52985
52990
52995
53005
53006
53008
53017
53019
53021
53024
53025
53028
53029
53034
53038
53040
53041
53046
53047
53048
53049
53050
53053
53054
53055
53059
53060
53062
53063
53076
53091
53093
53094
53095
53096
53101
53105
53106
53111
53112
53115
53121
53132
53137
53147
53152
53156
53159
53163
53166
53180
53181
53187
53191
53196
53203
53204
53207
53210
53228
53230
53255
53258
53260
53263
53272
53274
53275
53277
53285
53286
53288
53290
53291
53293
53295
53296
53305
53307
53322
53332
53345
53353
53358
53369
53372
53373
53374
53378
53379
53396
53397
53404
53410
53430
53433
53443
53451
53464
53468
53473
53476
53477
53481
53483
53484
53485
53486
53489
53490
53492
53498
53504
53506
53509
53519
53536
53539
53544
53545
53570
53571
53577
53579
53581
53583
53584
53588
53590
53592
53594
53615
53617
53626
53632
53642
53658
53665
53686
53688
53689
53690
53703
53721
53722
53725
53727
53732
53739
53752
53756
53786
53804
53812
53816
53817
53820
53829
53835
53841
53843
53852
53853
53856
53858
53860
53861
53866
53870
53871
53878
53879
53887
53888
53895
53898
53899
53900
53903
53905
53911
53916
53927
53943
53956
53964
53965
53989
53997
54004
54011
54019
54045
54051
54090
54099
54109
54113
54119
54124
54128
54129
54131
54135
54158
54160
54161
54164
54166
54177
54179
54181
54190
54194
54198
54200
54201
54206
54210
54211
54218
54227
54232
54236
54238
54239
54249
54251
54253
54255
54257
54259
54265
54274
54279
54289
54294
54298
54309
54312
54317
54321
54326
54332
54337
54343
54344
54346
54351
54359
54365
54367
54376
54380
54385
54386
54391
54392
54397
54399
54400
54401
54403
54405
54407
54409
54410
54414
54415
54418
54425
54426
54435
54443
54450
54452
54454
54455
54456
54457
54459
54460
54468
54474
54477
54491
54492
54493
54496
54506
54513
54515
54516
54522
54523
54525
54528
54536
54538
54540
54541
54542
54544
54551
54561
54564
54571
54577
54579
54585
54591
54595
54597
54601
54603
54604
54605
54609
54613
54615
54616
54620
54622
54626
54627
54630
54643
54647
54649
54655
54660
54662
54664
54666
54673
54680
54693
54694
54697
54700
54701
54705
54726
54728
54729
54744
54746
54751
54756
54758
54759
54770
54774
54779
54781
54785
54787
54788
54792
54796
54797
54800
54808
54813
54815
54817
54818
54822
54825
54830
54832
54834
54836
54838
54844
54851
54855
54861
54864
54865
54869
54872
54874
54875
54876
54879
54883
54888
54893
54896
54897
54900
54901
54903
54904
54906
54910
54919
54921
54922
54928
54933
54938
54945
54952
54953
54954
54956
54960
54961
54963
54965
54967
54969
54971
54972
54974
54977
54978
54979
54981
54983
54985
54987
54989
54990
54995
54998
55008
55010
55012
55014
55019
55021
55034
55035
55038
55041
55042
55043
55044
55045
55046
55048
55049
55050
55052
55054
55055
55056
55061
55063
55064
55065
55067
55068
55069
55074
55079
55081
55087
55088
55089
55094
55095
55100
55102
55104
55106
55107
55111
55112
55117
55119
55126
55127
55130
55133
55149
55152
55155
55157
55158
55161
55166
55167
55192
55197
55198
55200
55202
55204
55205
55212
55216
55217
55218
55221
55225
55229
55230
55234
55235
55236
55242
55243
55247
55249
55252
55254
55256
55257
55259
55260
55263
55265
55267
55270
55271
55273
55286
55292
55298
55300
55306
55308
55314
55318
55324
55327
55328
55329
55330
55335
55336
55341
55343
55344
55348
55354
55357
55359
55363
55367
55371
55376
55377
55380
55382
55386
55390
55392
55397
55412
55421
55427
55429
55433
55436
55440
55450
55451
55452
55453
55461
55463
55465
55467
55471
55478
55483
55485
55490
55494
55495
55496
55500
55501
55509
55514
55520
55522
55523
55528
55530
55531
55535
55542
55543
55544
55545
55547
55548
55549
55550
55551
55552
55554
55556
55557
55559
55560
55565
55566
55571
55573
55577
55583
55584
55602
55603
55611
55615
55626
55631
55632
55633
55640
55644
55645
55646
55647
55648
55650
55652
55654
55656
55658
55659
55662
55666
55667
55668
55669
55671
55672
55673
55674
55677
55704
55714
55717
55725
55726
55736
55740
55741
55743
55746
55748
55751
55753
55756
55761
55771
55772
55774
55784
55789
55790
55791
55792
55799
55805
55808
55820
55821
55822
55825
55826
55836
55838
55839
55841
55842
55843
55849
55852
55856
55857
55864
55867
55869
55872
55873
55879
55880
55888
55892
55897
55903
55911
55912
55917
55919
55921
55922
55935
55937
55956
55957
55965
55966
55978
55980
55988
55992
55993
55996
56001
56003
56004
56010
56013
56014
56025
56026
56029
56031
56043
56049
56064
56067
56068
56070
56072
56077
56078
56079
56082
56083
56084
56085
56091
56092
56098
56101
56103
56105
56108
56109
56122
56123
56124
56126
56127
56128
56130
56135
56136
56138
56141
56145
56146
56154
56159
56162
56166
56167
56168
56170
56171
56173
56181
56190
56194
56213
56214
56224
56235
56237
56244
56248
56249
56264
56265
56266
56268
56271
56279
56283
56285
56290
56294
56295
56296
56297
56299
56300
56302
56315
56318
56319
56324
56330
56331
56334
56336
56338
56343
56345
56347
56351
56358
56362
56371
56374
56377
56378
56379
56380
56384
56386
56388
56392
56396
56397
56398
56404
56407
56414
56415
56430
56431
56436
56437
56451
56452
56454
56457
56461
56465
56469
56470
56475
56484
56485
56487
56490
56492
56493
56496
56497
56498
56501
56502
56510
56511
56513
56520
56521
56522
56523
56531
56535
56536
56537
56541
56544
56548
56550
56555
56558
56561
56566
56567
56570
56572
56573
56574
56578
56583
56584
56588
56589
56590
56596
56599
56600
56605
56608
56611
56616
56622
56623
56630
56631
56632
56633
56635
56638
56639
56643
56647
56648
56649
56650
56651
56652
56654
56655
56669
56672
56679
56683
56688
56693
56695
56699
56700
56701
56704
56707
56709
56710
56715
56716
56719
56720
56724
56725
56726
56729
56735
56737
56738
56741
56744
56748
56754
56756
56757
56759
56760
56763
56764
56766
56767
56768
56770
56771
56777
56779
56780
56784
56786
56787
56792
56794
56799
56803
56808
56810
56812
56817
56830
56838
56842
56844
56852
56856
56858
56859
56860
56868
56876
56879
56881
56885
56888
56893
56895
56900
56906
56908
56910
56916
56927
56934
56940
56942
56943
56946
56947
56948
56950
56955
56958
56962
56963
56964
56966
56968
56969
56970
56976
56977
56985
56991
56993
56999
57000
57001
57004
57007
57011
57013
57015
57017
57018
57023
57033
57034
57035
57039
57040
57041
57045
57053
57056
57057
57061
57063
57064
57066
57067
57070
57073
57075
57076
57077
57080
57081
57082
57086
57089
57093
57094
57100
57103
57105
57111
57122
57131
57133
57135
57138
57140
57142
57148
57150
57153
57154
57159
57164
57165
57167
57168
57171
57177
57179
57182
57185
57186
57188
57189
57193
57196
57207
57212
57215
57216
57220
57221
57222
57227
57233
57242
57243
57246
57256
57263
57264
57265
57266
57267
57268
57281
57283
57290
57291
57294
57297
57299
57301
57303
57304
57309
57314
57320
57330
57332
57336
57339
57343
57351
57356
57360
57364
57366
57369
57370
57374
57382
57384
57386
57388
57397
57402
57406
57411
57414
57420
57422
57424
57443
57450
57456
57458
57459
57462
57463
57464
57466
57467
57469
57470
57472
57474
57476
57477
57480
57481
57482
57485
57490
57495
57498
57506
57509
57515
57517
57519
57535
57544
57547
57548
57551
57553
57558
57560
57561
57578
57587
57592
57596
57600
57604
57605
57606
57607
57615
57620
57621
57622
57626
57635
57639
57640
57643
57647
57651
57654
57657
57660
57665
57666
57668
57670
57674
57676
57690
57694
57696
57697
57698
57703
57712
57713
57714
57717
57719
57720
57724
57725
57732
57734
57735
57736
57738
57744
57747
57753
57755
57757
57758
57760
57771
57774
57779
57780
57781
57785
57789
57790
57793
57801
57804
57815
57816
57818
57820
57833
57834
57837
57841
57848
57852
57855
57863
57872
57874
57875
57885
57919
57922
57935
57937
57939
57940
57942
57945
57946
57947
57970
57973
57974
57977
57978
57981
57984
57985
57986
57987
57988
57990
57992
57993
57995
58001
58002
58004
58007
58010
58012
58015
58019
58024
58025
58027
58028
58034
58035
58039
58042
58044
58051
58053
58058
58061
58068
58077
58079
58082
58086
58087
58090
58093
58098
58103
58107
58112
58117
58120
58124
58128
58135
58140
58141
58145
58148
58156
58157
58161
58162
58166
58167
58168
58170
58174
58175
58177
58179
58183
58188
58192
58197
58198
58201
58219
58221
58222
58223
58225
58227
58228
58229
58231
58236
58237
58238
58239
58240
58243
58248
58252
58255
58256
58266
58274
58275
58279
58281
58283
58284
58288
58290
58291
58293
58294
58295
58296
58299
58300
58302
58307
58311
58312
58313
58315
58324
58328
58330
58336
58341
58344
58345
58347
58352
58371
58372
58373
58386
58388
58390
58392
58394
58395
58397
58404
58409
58411
58413
58415
58417
58418
58421
58425
58428
58431
58433
58436
58442
58445
58458
58460
58461
58464
58469
58473
58477
58481
58483
58488
58492
58495
58497
58498
58502
58503
58504
58510
58511
58512
58515
58522
58525
58532
58540
58541
58545
58546
58549
58555
58556
58562
58563
58568
58570
58573
58582
58586
58587
58588
58589
58591
58593
58597
58599
58604
58605
58607
58609
58612
58615
58616
58618
58622
58624
58625
58628
58629
58630
58631
58640
58645
58651
58652
58654
58658
58662
58669
58673
58677
58678
58679
58686
58694
58697
58700
58705
58710
58712
58713
58717
58720
58721
58725
58726
58729
58735
58736
58737
58740
58744
58748
58749
58753
58756
58758
58759
58761
58762
58765
58766
58767
58775
58779
58780
58790
58794
58795
58797
58799
58818
58819
58821
58834
58839
58844
58846
58849
58852
58854
58859
58865
58866
58869
58876
58879
58880
58884
58888
58889
58891
58898
58899
58900
58906
58908
58914
58917
58918
58922
58924
58926
58928
58929
58931
58934
58938
58943
58944
58948
58949
58950
58951
58952
58953
58954
58956
58959
58962
58964
58967
58970
58971
58980
58996
58997
58998
58999
59000
59006
59011
59013
59020
59024
59027
59028
59029
59030
59031
59032
59034
59035
59037
59038
59039
59040
59043
59045
59048
59057
59060
59064
59070
59071
59072
59075
59082
59083
59089
59091
59093
59104
59107
59108
59113
59116
59117
59127
59130
59135
59137
59142
59145
59151
59154
59161
59165
59168
59175
59184
59204
59210
59213
59218
59220
59222
59223
59224
59225
59226
59228
59231
59235
59239
59240
59260
59262
59264
59269
59272
59275
59278
59279
59282
59283
59284
59288
59289
59294
59298
59300
59301
59302
59312
59313
59316
59318
59319
59321
59322
59323
59331
59336
59337
59341
59342
59350
59354
59359
59369
59380
59382
59387
59389
59391
59393
59397
59398
59399
59401
59402
59403
59404
59409
59410
59415
59418
59420
59421
59423
59425
59429
59436
59443
59445
59446
59450
59452
59453
59455
59460
59468
59469
59471
59474
59475
59478
59486
59490
59491
59494
59495
59496
59497
59499
59500
59501
59502
59504
59507
59509
59517
59521
59523
59524
59528
59531
59532
59535
59536
59541
59542
59545
59546
59547
59552
59560
59563
59567
59568
59569
59570
59579
59580
59588
59590
59591
59609
59610
59617
59624
59627
59629
59632
59635
59641
59649
59652
59653
59656
59665
59667
59671
59675
59682
59684
59687
59688
59696
59700
59701
59705
59706
59711
59713
59716
59718
59719
59722
59731
59733
59734
59737
59738
59739
59740
59743
59746
59748
59749
59753
59754
59755
59756
59760
59768
59782
59783
59786
59788
59789
59791
59792
59796
59797
59800
59802
59803
59806
59821
59822
59847
59848
59850
59851
59854
59855
59859
59860
59864
59865
59870
59876
59880
59883
59884
59886
59919
59934
59935
59936
59937
59938
59939
59940
59943
59944
59947
59950
59957
59973
59994
