1 -0.0312322 -0.141284 -0.0639198 0.099022 -0.07375 -0.0772426 -0.0599962 0.0611387 -0.0189985 0.00393422 -0.071739 -0.138358 -0.0865159 0.0589268 -0.09037 0.12795 0.0979664 -0.00802899 -0.106592 0.116304 0.140741 0.131663 0.135201 -0.102707 -0.141421 0.0244595 0.0263855 -0.139799 0.0566569 -0.0598599 0.138988 -0.1365 -0.0594498 0.0493148 0.122994 -0.0266232 0.0839841 -0.072744 -0.137383 0.0985549 -0.0131686 -0.093664 -0.114745 -0.063119 0.102617 0.0210786 -0.118338 0.125899 -0.141401 0.0843568
1 0.0729902 0.137404 -0.00396619 0.00219297 -0.116915 -0.0933978 0.141386 -0.137266 0.00869189 -0.0725976 0.111897 0.141015 0.074054 -0.116583 0.0633015 0.10408 -0.122661 -0.106901 0.141317 -0.111674 -0.00930895 -0.128007 0.0313134 0.0328163 -0.0918969 0.0257512 -0.136136 0.141058 -0.136091 -0.0270203 0.0689274 0.0133381 0.100783 -0.0485414 0.11539 -0.121596 0.115994 -0.141421 0.13349 0.141031 -0.0771122 -0.102283 0.00334352 -0.131035 -0.06108 -0.0585612 0.0720189 0.0412036 -0.126105 0.0639001
1 -0.0919329 0.0512666 0.128022 0.0376977 -0.0399117 -0.138015 0.0897461 0.0660698 -0.121102 0.123632 0.113473 -0.106459 0.118939 -0.0877293 0.0769963 -0.0912153 -0.0298804 0.139048 -0.131099 -0.0689898 0.0952949 -0.047002 -0.127346 0.0768587 -0.0254281 -0.141394 -0.0585513 -0.0558732 -0.0287113 -0.0810789 0.137371 -0.0691995 -0.139077 0.0294934 -0.0204298 -0.0585276 -0.086934 0.140996 -0.13329 -0.111422 -0.139552 0.109829 0.115085 0.124885 -0.112638 0.00506952 0.11024 0.0671835 -0.0521899 -0.0386053
1 -0.126237 -0.0168043 -0.0995046 0.0742991 0.0747603 0.0710458 -0.0178417 -0.140502 0.0801934 0.141406 0.104359 0.0676875 0.00875138 0.0512749 -0.119171 -0.105203 0.0708063 0.136827 0.0905008 -0.0975979 0.132462 -0.0365716 -0.123452 -0.123311 -0.095685 -0.133621 -0.141277 0.0633044 -0.117656 -0.0579169 0.0967109 -0.125099 -0.141103 -0.032533 0.0324292 0.0939482 0.117981 0.0371834 0.0894098 -0.133105 0.07817 -0.0875315 -0.139919 0.103274 0.132115 -0.135747 0.0690982 -0.136817 0.114624 -0.114721
1 0.0640122 0.132661 -0.126773 -0.0506578 0.00255558 0.138885 -0.0334556 -0.136453 -0.035896 -0.00447753 -0.0910152 -0.141409 0.0546671 -0.139905 -0.101375 0.118778 0.0404493 -0.085835 -0.136689 0.141077 0.113572 0.0184337 -0.140772 0.0698327 -0.0888654 0.0181694 0.124906 -0.0978714 0.139507 -0.107005 0.13368 -0.12536 0.00613774 0.137487 0.0995918 -0.102279 0.0875287 0.0477638 0.133914 0.137319 -0.0490686 0.101843 0.139964 0.140145 -0.128345 -0.0586682 -0.0265702 0.0160109 -0.0854901 -0.0452057
1 -0.0862044 -0.067907 0.0453216 0.0042799 -0.106174 -0.0039971 -0.128197 0.033089 -0.102722 0.115236 0.024364 0.054478 -0.0921573 -0.10502 0.116894 -0.0169934 -0.13344 0.0119827 0.000167534 0.0768515 -0.107482 -0.0354388 0.0510713 -0.13904 0.0972945 -0.114099 -0.133656 -0.0884805 -0.0117183 0.0633888 0.0564762 -0.131146 -0.124621 0.141 -0.141365 -0.0793101 -0.138803 -0.0104438 0.100272 0.117835 -0.00442101 -0.080139 0.0594393 -0.101564 0.126344 0.00375254 0.0853004 -0.113699 -0.14116 0.0926196
1 -0.136471 0.112872 -0.0401567 0.140754 0.0319409 0.0161083 0.114805 -0.0145041 0.091796 0.0696983 0.108082 0.01306 -0.112555 0.063759 -0.0289757 0.0127501 -0.138193 0.141355 0.135946 0.0888585 0.141275 -0.0883443 0.140854 -0.109142 -0.0918835 -0.137129 0.0347458 0.0156495 -0.139772 -0.099194 -0.105965 0.0781154 0.0919129 -0.00432752 0.12712 -0.12722 -0.0171812 -0.109934 0.140051 -0.141415 -0.130755 0.0719118 0.0567466 -0.0772191 -0.0155292 0.0642515 -0.0686732 0.000730409 -0.0531633 -0.0521755
1 0.113224 -0.060798 0.141245 0.0901684 0.0798296 -0.140565 0.0959337 0.14129 -0.0674515 0.14142 -0.121644 -0.0358652 0.0827607 -0.0356403 -0.0255555 -0.0832084 0.0868406 0.0969728 0.0892506 0.0720579 -0.141377 0.0692237 0.0435583 -0.139943 -0.114237 -0.120823 0.137356 0.052297 -0.131553 0.130496 0.128279 -0.0276962 0.135351 -0.0855151 0.119735 0.10906 0.000110746 -0.126899 -0.0325794 0.120646 -0.0521611 0.137666 0.0116513 -0.0831679 0.126781 -0.134155 0.0394656 0.0475905 0.0688635 -0.135605
1 0.138671 -0.0267215 0.0716003 0.118621 0.108022 -0.0772279 -0.0790749 0.00106801 -0.122526 -0.134165 0.076382 0.119839 -0.101143 0.0203241 -0.0515762 -0.131056 0.103405 -0.140519 -0.13127 0.140832 0.0999933 0.0859198 -0.124595 -0.0978433 0.0866609 -0.0179836 -0.138832 0.0193915 0.0349938 0.109627 0.0752196 -0.0121487 -0.00875129 -0.141291 0.112567 -0.122219 0.0743553 -0.0893196 0.12143 0.0968662 -0.00712452 0.109236 -0.140704 -0.043028 0.098867 -0.0983818 -0.00804561 -0.13682 -0.0189088 0.0502267
1 -0.0617063 -0.0322286 0.102614 0.111936 -0.140661 -0.1116 -0.130112 -0.134025 -0.139405 -0.117583 -0.141055 -0.141153 0.137082 -0.110301 -0.0525769 -0.0214637 0.10861 0.0880342 0.0638318 -0.036134 -0.12955 -0.140637 -0.114891 0.118475 0.0247546 0.123042 -0.128906 0.130006 0.138022 -0.111977 -0.140792 -0.0559695 -0.110308 -0.136383 0.099882 -0.134156 0.13955 0.13777 -0.0316477 -0.0651318 0.0723488 -0.0184124 -0.139726 0.12108 0.130772 -0.100606 0.00302244 -0.105551 0.0372994 -0.132019
1 0.136952 0.141321 -0.118419 0.136402 -0.116165 -0.0743632 0.0325172 0.0466054 -0.140836 0.00515535 0.121876 0.0806502 0.00134684 -0.140144 0.120934 -0.109753 0.141211 0.028149 -0.0572303 0.0507263 0.0477097 -0.086335 -0.0895892 -0.0693567 0.00740347 0.133267 0.0597103 0.131667 -0.0388059 0.139014 0.139056 -0.141104 -0.0634377 0.0539579 0.0970224 -0.1413 -0.0316011 -0.134769 0.0269037 -0.0714733 -0.10451 0.140964 0.113307 -0.0462588 0.115025 0.121117 0.133727 0.0121805 0.00664083 0.0837457
1 -0.140768 0.137557 -0.0147803 -0.00863372 0.1413 0.124439 -0.13047 0.031665 -0.141146 0.138782 0.125951 -0.118119 -0.130967 -0.0877935 0.0792719 0.0775419 0.117718 0.138467 0.122718 0.139429 0.0324143 -0.130428 0.0433485 0.0721992 -0.121412 0.141418 -0.0926825 -0.00635392 -0.139224 0.12733 0.0592442 0.100413 0.107874 -0.0292602 -0.109341 -0.140053 0.127445 0.0442854 -0.0434481 -0.108511 -0.131267 -0.12043 -0.136993 -0.105179 0.134925 -0.0714614 -0.0328197 0.0226048 -0.12757 0.108182
1 -0.103941 -0.0176941 -0.0964128 -0.0475806 -0.0644021 0.123176 -0.0431552 -0.130887 0.0792818 -0.0149959 0.0944277 0.0710823 -0.136643 0.0622841 -0.059203 -0.0749231 -0.0146248 -0.0283456 0.125626 0.0820892 -0.133833 -0.0690146 0.12219 -0.138772 -0.0253052 -0.0380792 -0.0169216 -0.059198 0.128852 0.0616095 0.122559 0.136531 0.0939324 -0.124146 -0.0735622 -0.113484 -0.141308 0.077559 0.140671 0.0430771 -0.0845451 0.0922633 0.129255 0.13664 -0.14016 0.0849277 -0.00610973 0.0882932 -0.00257267 0.095399
1 0.100015 0.140818 -0.00471513 0.136791 -0.140125 0.132721 -0.129365 -0.0188162 -0.0524637 0.0865406 -0.123231 -0.0772956 -0.00181958 0.13203 0.0471576 -0.0572163 -0.0206358 -0.0992616 0.0858274 -0.0990703 -0.111185 -0.128615 -0.00472766 0.0916094 0.123983 0.108371 -0.1181 -0.000800206 0.111937 -0.110507 -0.0510043 -0.0966827 0.0921643 -0.13897 -0.132004 -0.131976 -0.108701 -0.0694117 0.0854453 0.137685 -0.0163982 -0.0583457 -0.0983886 -0.138887 -0.127111 0.140002 -0.0241149 -0.139584 0.0797599 -0.139901
1 0.138888 0.141421 0.12143 0.113455 0.0957575 -0.044051 -0.0959441 0.0397182 0.1061 0.0969302 -0.106524 -0.0925891 -0.020199 0.139738 -0.0512816 -0.0883545 -0.13746 -0.133468 0.141239 0.138204 0.00499765 0.014054 0.086166 -0.0150946 -0.066172 -0.0358928 0.0961846 -0.0375695 -0.016821 0.0127146 -0.0144838 -0.0667818 -0.141345 0.0951559 -0.0901547 0.110395 0.140883 -0.0993076 0.0351488 -0.0766949 -0.0347025 0.0405445 -0.141345 0.132103 0.0379305 -0.0251048 0.108122 -0.00133872 -0.0700319 0.0448234
1 0.0397208 0.0772118 -0.070259 -0.138345 0.132842 -0.115565 -0.119944 0.136584 0.0861908 -0.141379 0.00365715 0.0640619 -0.131198 -0.0691625 -0.14075 0.0993383 -0.0113052 0.138785 -0.140276 0.0964941 -0.0377257 0.140134 -0.10101 -0.0511233 0.00889071 -0.136205 -0.0051211 -0.138496 0.0165126 -0.0996059 -0.0188586 0.0738901 -0.141282 -0.137346 0.0378447 -0.132078 0.067996 0.0266601 0.137506 0.137946 -0.141355 -0.0805108 0.132782 0.108026 0.0449022 -0.0992586 0.0478491 0.0793806 0.0965025 -0.0267028
1 0.0575509 0.0655952 0.00247529 0.000247105 0.113573 0.00624609 0.0931767 0.141261 -0.0262236 0.136108 -0.0462666 0.111559 0.138516 -0.138637 0.0369825 0.0708307 -0.0841408 0.138052 0.140582 -0.140529 0.132785 0.0905445 0.137099 -0.114212 0.140263 0.0144062 -0.0417515 0.0316285 -0.13647 -0.139055 -0.114255 -0.0573875 -0.14142 0.0918318 0.0274692 -0.0463482 0.0623016 -0.0213678 -0.141414 -0.12955 0.00204354 -0.0424924 0.00217193 -0.103983 -0.071404 -0.0497985 0.0769859 0.114257 0.141102 -0.0430635
1 0.0682274 0.0250892 -0.119263 -0.0895457 -0.113645 0.126743 0.141124 -0.0264161 0.0605314 0.133074 0.0325838 -0.13738 0.0633336 -0.110321 -0.103348 0.0772756 0.141415 0.016403 -0.0143704 0.0294261 -0.0801151 0.0552887 -0.135834 -0.13051 0.11704 -0.133909 -0.124189 0.136404 0.0810084 -0.0758188 -0.135487 0.099301 0.13771 -0.117854 0.0919595 -0.0846141 0.129265 0.110054 0.129804 0.141378 0.0868583 -0.0749124 -0.0419881 -0.113491 0.132578 -0.140997 -0.0859747 -0.0473044 0.132679 0.0825525
1 0.119034 -0.0065631 0.105156 0.0597281 -0.129183 0.104042 0.0797093 -0.133243 0.140281 -0.00501129 0.0571129 0.060567 0.135155 -0.0394812 0.0481699 -0.0843809 -0.0811436 0.140288 -0.0183026 0.10571 -0.0633669 0.047107 -0.107926 -0.0385116 0.109377 0.0761497 -0.0949534 0.0177813 0.137316 0.140848 -0.106387 -0.10403 -0.120894 0.116174 0.0369793 0.140813 -0.141297 0.10807 -0.126428 0.0418413 -0.10658 0.117727 0.0930481 -0.0341038 -0.11881 -0.125557 -0.141275 0.120079 0.0806986 -0.0329746
1 -0.129993 -0.139539 -0.0317962 0.00928156 0.114531 0.131692 0.113645 0.128976 -0.0416718 -0.104586 0.0916919 -0.121171 -0.05709 0.14142 -0.124498 -0.1284 0.10343 0.0597871 0.072045 -0.141266 0.0352885 0.0189031 -0.0055227 0.0902093 0.141312 -0.12466 -0.0698396 0.101521 -0.0410929 0.131472 -0.109333 -0.00672418 -0.141285 0.139988 -0.0940436 -0.0562312 -0.06847 -0.0549618 -0.0720768 -0.135599 -0.133143 0.0400504 0.141023 0.0421747 -0.121891 0.0589953 0.129557 0.0622317 0.116772 -0.13262
1 -0.12389 -0.0599866 0.114431 -0.0535597 0.0450907 -0.135125 0.13718 0.135165 0.0633752 -0.0477383 0.0202946 -0.0931672 0.0168704 0.141407 -0.0840032 -0.0357099 -0.110948 -0.00857253 0.118459 -0.134127 0.06512 -0.0114811 0.0797604 0.140921 0.00180588 -0.0156453 -0.112103 -0.0345953 0.140811 0.138005 0.130905 -0.121345 -0.139057 -0.140003 0.0555043 -0.00357396 0.132267 -0.00403743 -0.0485534 -0.06161 0.14043 0.0185864 -0.11688 0.0847766 -0.0966965 0.138348 0.0952971 -0.139621 0.139899 0.07159
1 0.0586035 -0.0383638 0.0854231 -0.136283 -0.0233651 -0.0531981 0.0557597 0.00555694 -0.0373248 0.00112083 -0.0222449 0.132506 -0.111781 0.1029 0.0580747 -0.117795 0.023235 0.0911739 -0.125462 -0.0203143 -0.0795275 0.00118998 0.0605112 0.0790663 0.103936 0.000280928 -0.0353341 0.140128 -0.13844 -0.113001 0.0131525 -0.141379 -0.122468 0.141001 -0.086513 -0.0538778 -0.140382 -0.0866354 -0.11425 0.137394 0.00345785 -0.117164 -0.0927834 0.0463592 -0.111947 0.0434339 0.0927474 -0.100015 -0.0382263 -0.138964
-1 0.119487 -0.134652 0.11077 -0.138452 -0.0960323 0.111371 0.141214 -0.0837534 0.00380059 0.058974 -0.0962057 0.00821589 0.0516535 0.0124643 -0.0725348 -0.0447071 0.0812209 0.0990497 0.00349345 0.11225 -0.0607524 -0.141421 0.0295434 -0.0160119 0.122842 0.057372 0.112581 -0.118869 -0.116949 -0.000320322 -0.0993227 0.0264742 0.0996034 -0.114821 -0.140632 0.134096 0.0602486 -0.0121527 0.129872 0.103581 0.103948 -0.139562 0.138924 -0.104151 -0.0330972 -0.0141521 -0.0164681 -0.139238 0.0310026 -0.113342
-1 0.068679 0.140986 0.0607073 -0.114851 0.0631065 -0.127702 0.110228 -0.03688 -0.0897635 -0.0926795 -0.0102774 -0.0706729 0.140881 0.0870657 0.140819 -0.12373 -0.141026 -0.14036 0.104851 -0.0988179 -0.0634032 0.108422 -0.101269 0.108674 -0.0290865 0.0851543 -0.104242 -0.100817 0.125836 0.136263 -0.136531 0.128274 -0.135396 0.0666171 -0.0951128 0.0964641 0.138744 0.14013 0.109433 -0.0579859 0.0938756 0.0814749 -0.0596796 0.110656 0.116056 0.137242 -0.0484978 -0.139035 0.0103954 0.107315
-1 -0.140973 -0.118872 -0.128369 -0.051822 0.134365 -0.0252276 0.00291792 -0.125759 0.108216 0.0368311 -0.140914 -0.0871989 0.0342934 -0.0559283 0.0219866 0.0604475 0.030225 0.00447121 -0.0640254 0.0118273 -0.06197 -0.089277 -0.0732141 0.140439 -0.0706402 -0.034325 -0.043136 -0.135853 0.0388385 0.134425 -0.0260084 -0.112314 0.137213 -0.0163081 -0.113066 -0.0596596 -0.00501314 -0.0409569 0.0781256 -0.11322 -0.130145 0.141372 0.130504 0.117997 0.14122 0.131246 0.0410769 -0.127269 0.0494023 -0.138185
-1 -0.108914 0.00118141 -0.0630558 -0.0257062 -0.0324978 0.091416 0.0604145 -0.0355339 0.120315 0.0883935 0.0518654 -0.138129 -0.0842352 -0.131764 -0.138471 -0.122709 -0.140415 0.0383953 -0.0928019 0.00785119 -0.000502855 0.139095 0.0753088 -0.0489196 -0.0413248 -0.041365 0.0121978 0.0660195 -0.0776522 0.136064 0.113558 0.139895 0.0106221 -0.0491551 -0.1103 0.0983489 0.114525 0.0326219 0.132325 0.0414189 0.11032 -0.140372 0.120285 0.0125422 -0.0266442 0.0240815 -0.102993 0.0316619 -0.0121842 -0.129949
-1 0.104228 0.129905 0.13847 0.0948849 -0.00608378 0.13823 -0.0570457 0.0651189 0.140972 0.118256 0.00128778 0.138589 -0.0487347 0.010567 -0.0181589 -0.139141 0.0820706 0.107646 -0.0810487 -0.0415356 0.0240158 -0.0464433 -0.0803174 -0.131071 -0.104839 -0.139062 -0.123672 -0.0712044 0.139998 0.139483 0.0885244 0.0925499 0.0747548 0.140776 0.0696085 0.100458 -0.0870061 0.140384 0.0881098 0.0683439 0.141357 -0.127637 -0.135353 0.114903 0.133672 0.0455591 -0.0038731 -0.106641 -0.141356 -0.0158925
-1 -0.0783123 0.0985723 0.0339178 -0.128499 -0.0938192 -0.1368 -0.124189 -0.136503 0.046792 -0.133262 0.140131 -0.0916744 -0.0976417 -0.112398 0.132457 -0.137832 0.0385895 0.137456 -0.0857804 0.0602027 0.140926 -0.127241 0.0685212 -0.0985471 -0.0676298 0.119273 -0.111789 -0.0580837 -0.0195205 0.0188853 0.134697 -0.0999363 -0.140852 0.0944629 0.141415 0.00686644 0.139283 -0.141344 -0.139683 0.0878353 0.0641054 -0.13677 0.130136 -0.0663276 0.0299383 -0.136963 -0.110747 -0.0558845 0.109778 0.129069
-1 0.136278 0.0329902 0.0408239 0.123675 -0.13144 0.0204324 0.073821 -0.139669 0.0950549 0.116925 0.13797 -0.103593 -0.0994536 -0.0196016 -0.140938 -0.138598 -0.0337 -0.10266 -0.0879485 0.08272 -0.133619 0.132742 0.0553804 -0.0658432 -0.0273637 0.0888157 -0.140953 0.0101426 0.130538 0.111715 -0.105825 -0.0254853 -0.124494 0.141094 0.00343225 0.0841524 -0.0552151 0.0050013 -0.0379295 0.0569397 0.10772 0.0804225 0.0363091 -0.0953862 0.0184073 0.0681257 -0.0476549 0.0905537 0.0123006 0.0672758
-1 0.0730605 0.0994573 -0.107939 0.0341632 0.0409084 -0.00908962 -0.060892 0.0853044 -0.0166049 -0.0691829 -0.0348759 -0.127433 -0.13987 -0.00943572 0.0618198 -0.078095 0.00555993 -0.0842097 0.139477 0.124338 -0.120136 -0.0177168 0.123905 0.0986338 -0.140361 0.120879 0.0333567 -0.138319 0.0666891 0.109848 -0.0672135 0.122812 0.0705926 0.0977833 0.0217382 0.0172818 0.0940631 -0.140515 -0.139068 0.0888768 -0.109065 -0.141418 0.0510933 -0.134612 0.0246979 -0.00428211 -0.139475 0.141363 -0.132503 0.138688
-1 0.141003 -0.0298429 -0.140008 -0.136499 0.103286 -0.0512162 -0.140011 0.0208475 -0.136705 0.0508526 -0.122789 0.141307 -0.130561 -0.140498 -0.133899 0.0665314 0.139729 0.0827262 -0.122631 0.12401 0.138522 0.0838628 0.0105921 -0.139393 -0.0984685 -0.044332 0.0697012 -0.126333 0.140998 -0.0949646 0.141166 -0.00395352 -0.137338 -0.0705779 0.133066 -0.0136571 0.00961397 -0.139454 0.141414 0.038684 0.129962 0.125002 0.116696 -0.0981001 0.135352 0.100708 -0.121753 0.00991088 -0.139637 -0.139432
-1 0.107247 -0.134525 0.0356549 0.139242 -0.137001 0.114138 -0.0261018 -0.0162074 -0.132043 0.00811812 0.0181506 -0.117191 -0.0627102 0.0930029 0.141421 0.135084 0.00999347 0.00490469 -0.128765 0.00108438 -0.0940379 -0.140989 -0.108891 0.031301 -0.0339569 -0.104858 -0.0652215 -0.017894 0.132886 0.0241766 -0.123748 -0.0228653 -0.118508 -0.122478 -0.109946 -0.0169607 -0.138326 -0.140253 0.0311002 -0.0639906 -0.140931 0.0764508 -0.00426255 -0.140374 -0.0315446 0.00495901 -0.00123124 -0.059992 0.0026399 -0.00616518
-1 -0.129195 -0.0519821 0.12809 -0.0121073 0.0176639 0.0855939 -0.107119 -0.0616752 -0.11577 -0.13783 0.122706 0.090782 -0.115117 0.107039 -0.0525183 -0.129345 0.0139408 -0.136571 -0.00211478 -0.110291 -0.113072 0.141418 -0.141003 0.0539189 -0.139184 -0.0615155 -0.027145 0.0820987 0.140811 0.00932512 -0.104433 -0.0494608 -0.0325997 0.106871 -0.115342 0.136448 0.13875 0.00424191 -0.0201815 0.0806658 0.141417 0.127773 0.121868 0.141342 -0.141256 -0.127743 0.132114 0.0438059 0.0198863 -0.104674
-1 0.133973 -0.0909277 0.141227 -0.108112 -0.111486 -0.0680166 -0.110453 -0.140979 0.131813 0.0308981 -0.0156067 0.0777096 0.111163 -0.0595972 -0.0597497 -0.141004 0.118408 0.0328094 -0.1256 -0.134952 0.139493 0.140085 0.121866 -0.0256075 0.128599 -0.101518 -0.13767 0.115062 -0.0416423 0.136705 -0.0176656 0.0650906 -0.13972 -0.0958505 0.0633381 -0.0406135 -0.115529 -0.0919809 0.139844 0.0621135 0.132604 0.125989 0.140629 -0.138253 0.0597573 0.060642 -0.0522451 0.0643294 -0.0103029 -0.0659631
-1 0.103708 -0.129677 0.0182029 -0.139677 -0.139987 -0.117786 -0.126467 0.101016 0.0321961 0.0461074 -0.135439 0.115821 -0.00668759 0.0465994 0.139827 0.0475521 -0.136077 -0.119014 -0.0637846 -0.129527 -0.140166 0.101167 0.0812709 -0.0499302 -0.105352 0.141162 0.105318 0.127298 0.0510841 -0.0598661 -0.136305 -0.0557796 0.127784 -0.0841645 0.0857682 0.021466 -0.00308655 0.0440611 0.139433 -0.141082 0.107379 0.0599662 0.0125566 0.13513 0.0763206 0.129197 0.0652643 -0.095293 0.124252 0.1296
-1 0.132788 -0.100867 0.140115 -0.124552 0.140429 0.124004 0.11531 0.126101 0.127636 0.141378 -0.0695218 0.136723 0.0780104 -0.0664793 -0.0612609 -0.0525929 -0.00968233 0.127361 0.137863 0.131805 -0.141271 -0.131026 0.0545289 0.137385 -0.14062 -0.0435605 -0.116381 -0.0615004 -0.138655 -0.0930758 -0.132768 -0.117184 -0.0860949 -0.140158 0.0240689 0.137616 -0.116518 0.0276901 -0.125871 0.138764 -0.088453 -0.040441 0.0321349 0.0163261 0.119208 0.123768 0.139045 0.0527624 0.13988 0.0794807
-1 0.0211427 -0.103002 0.139793 -0.0904686 -0.113751 0.127906 -0.0326351 -0.0106002 0.081644 0.11131 -0.140237 0.00365031 -0.124295 -0.0734318 0.0689846 0.103583 0.0792381 0.088876 0.141107 0.137987 -0.119761 0.0270191 -0.138228 -0.0435281 0.0925934 -0.0797746 -0.105361 0.122067 -0.135083 -0.0632862 -0.0595394 -0.101617 -0.13617 -0.12856 -0.0308436 0.0733308 -0.0347208 -0.137121 0.0848245 -0.140023 -0.0305428 -0.132447 -0.0341982 0.10861 0.124985 0.0951864 -0.0336978 0.0554353 -0.0524722 0.129164
-1 0.00439177 0.134038 -0.105934 0.133014 0.00530913 0.0178567 0.13455 -0.132294 0.1365 -0.14138 0.053644 0.0815192 -0.132767 -0.129625 -0.115482 0.126672 -0.10456 0.00108844 -0.0820181 -0.129232 -0.0703831 -0.0538641 0.14142 -0.106156 0.0419115 -0.0837154 -0.103591 -0.09235 0.0854341 -0.137174 -0.140615 -0.134576 0.140988 -0.0665328 0.100864 0.0269568 0.103902 -0.10487 -0.120622 0.141383 -0.0212784 -0.140226 0.062167 0.126158 -0.103719 -0.0967874 -0.124601 -0.133315 -0.0127654 -0.0465848
-1 -0.0740958 0.126009 -0.064546 0.0872612 0.0480259 0.132194 -0.131529 -0.0600959 -0.127278 -0.0297411 0.125451 -0.121276 -0.0113797 0.121752 -0.0202462 -0.139331 0.0124247 -0.109011 -0.0559115 -0.0505876 -0.112309 0.0478808 -0.13814 -0.0606226 0.0431468 -0.130343 0.119421 0.0712295 -0.105757 -0.138035 -0.141248 0.134875 0.0324543 -0.115159 -0.0284559 0.1171 0.14124 0.0181184 -0.100303 0.102997 0.137338 -0.141329 -0.0460794 0.106027 -0.0493304 -0.132469 -0.129134 0.131407 0.140789 -0.128038
-1 -0.135652 0.140046 0.0692485 -0.0645145 -0.0826246 -0.107643 -0.138132 -0.117399 0.138989 0.120293 0.137986 0.126874 -0.0282784 0.0520402 0.0227981 -0.0848851 -0.0312311 0.133296 -0.128909 0.140933 0.0981383 -0.0999606 -0.138548 0.0183616 -0.127954 0.139597 0.141259 -0.122692 -0.134797 0.123811 0.0569144 0.0743334 0.138868 0.141208 0.00319562 -0.121193 -0.0685678 -0.118612 -0.0701165 -0.141289 0.140364 -0.0593335 0.00949623 0.105325 0.092331 -0.122641 0.119704 -0.140402 -0.101059 -0.139454
-1 -0.141302 -0.0409487 0.140684 -0.00768147 -0.12587 0.106783 0.0414447 0.140935 -0.140907 0.131524 0.139745 -0.0120512 0.0405343 0.0821563 -0.0480052 0.140557 -0.121912 0.137304 -0.0304631 0.0803797 -0.0315416 0.0525834 -0.0548784 -0.0892821 0.0625949 -0.0257589 0.0325714 -0.0790357 0.113088 -0.0854006 0.0898526 0.0254521 -0.131689 -0.0966343 -0.1207 0.013443 -0.0982695 0.0681217 0.101594 0.0841772 -0.0186601 -0.118931 -0.0151205 -0.0754106 0.130804 0.12083 -0.0412945 0.130245 -0.0432432 0.09296
-1 -0.141296 -0.07708 -0.0331349 -0.141165 0.12761 0.138238 0.0231437 0.116011 0.141048 -0.0679535 0.0546202 -0.129473 0.0298066 0.13989 0.1171 0.113728 -0.133862 0.131709 -0.0227961 -0.0684851 -0.00947602 -0.0483863 0.0215333 -0.121112 0.140735 0.126886 -0.129372 -0.122944 0.134913 -0.135865 0.0535042 -0.121175 -0.139202 -0.0845626 -0.14087 -0.100548 -0.0482048 -0.100731 0.0649727 0.00377643 0.0577796 0.0893672 -0.0118247 -0.0137395 -0.118506 0.140837 -0.0403317 -0.0492031 0.141404 -0.0547031
-1 0.0959204 -0.0768724 -0.130109 0.0826505 0.129791 0.0166187 0.141261 -0.0940751 0.121977 0.0657749 0.120495 0.0229265 0.117101 -0.112885 -0.138795 -0.124529 0.0545579 -0.138802 -0.04103 -0.130902 -0.134901 0.134078 -0.0403472 0.138646 0.12717 -0.0649206 -0.0898863 0.141274 0.119941 -0.0925936 -0.141062 -0.0159642 -0.0353553 -0.0914089 -0.13729 0.0522621 -0.12945 0.141421 -0.00240138 -0.0784873 -0.134899 -0.129966 0.130114 -0.140972 0.141319 0.136437 -0.135439 -0.137335 -0.117797 -0.0584764
-1 -0.0390035 0.132012 -0.138685 0.0361973 0.112924 0.119481 0.0766518 0.0697445 -0.128825 0.122545 0.141421 0.0963666 -0.130638 -0.0360721 -0.0282966 0.137633 -0.0730813 -0.0633352 0.101575 -0.0153197 0.0535578 -0.129961 0.140382 0.138867 -0.133701 -0.122819 -0.141208 -0.105757 -0.133684 0.138708 0.138321 0.140407 -0.136624 -0.133012 0.0717848 0.0822119 0.141127 0.0672067 -0.137706 0.118682 0.136832 0.139234 -0.0763519 0.121132 -0.0159447 -0.0639204 0.0854978 -0.136052 -0.0725007 -0.141267
-1 0.121036 -0.0102602 -0.0924674 0.0746903 0.10689 -0.0276003 -0.122752 -0.105825 0.141418 -0.105289 -0.0549079 0.0829051 -0.136124 -0.14135 0.133537 0.134426 0.107643 -0.0734522 0.140661 -0.0915871 0.10951 -0.141383 0.107525 0.0289368 0.126863 0.0964382 -0.141374 -0.132645 -0.112661 -0.137399 0.110126 0.0697965 0.0891221 0.1367 0.0660925 -0.121722 0.130471 0.0742661 -0.100158 0.138957 -0.0677665 -0.118168 0.136963 -0.140772 -0.103593 -0.0351848 -0.134575 -0.137502 0.121575 0.140915
-1 0.0705395 -0.0555045 -0.0694946 0.108291 0.0815214 0.0494175 0.0494044 -0.0564591 0.0539769 -0.103735 -0.112237 -0.0603031 0.140126 0.140643 -0.106917 0.0145344 -0.00535409 -0.0305422 -0.093904 -0.0548414 0.139969 -0.125539 0.102854 0.0334643 0.132838 -0.123478 -0.0929729 -0.0669746 0.12238 0.0931311 0.0181138 -0.0714099 -0.123249 -0.0727559 -0.141404 0.127953 -0.128602 0.0124487 0.123237 -0.0362641 0.141263 -0.135171 -0.0371318 0.0152381 -0.0713497 0.119346 -0.0644405 -0.118511 0.0862679 -0.140207
-1 0.00514904 -0.03898 -0.121404 0.0835434 0.0857909 -0.0513166 0.00947104 0.112525 -0.0738011 -0.124775 0.141081 -0.0224426 -0.0658481 0.0831759 0.141195 0.134618 0.136966 0.13317 -0.0834433 0.141394 -0.134679 -0.081815 0.0129374 -0.0772702 -0.017006 -0.0209095 0.0692816 0.0405748 -0.0436402 0.0483546 0.0613472 -0.0548232 0.140676 -0.0483991 -0.132113 0.0992104 0.00405699 -0.0512475 -0.137668 0.134484 -0.1409 -0.140951 0.0512901 0.134443 0.0155418 0.14067 -0.0798414 -0.140909 -0.132823 0.088824
-1 -0.13972 -0.105879 -0.110736 -0.00167173 0.141218 0.0102089 0.000999085 0.140606 0.0580261 -0.12142 0.12544 0.0728423 0.0667627 0.141406 0.140077 -0.140931 0.0735454 -0.0487444 0.12809 -0.112358 -0.125012 -0.0387049 -0.108841 0.0362722 0.114383 0.0611139 0.0102909 -0.133077 0.119277 -0.0165572 0.137939 -0.13962 0.0650625 -0.140325 -0.141112 -0.111981 -0.102084 0.141343 0.0853055 -0.125325 0.111417 -0.025102 -0.025242 0.123636 -0.121425 0.090058 0.0631526 -0.0330458 0.0877898 -0.0737892
-1 -0.0965952 0.0695393 -0.00698382 0.124095 -0.111487 0.105532 -0.141207 0.140201 0.0106887 0.0613181 -0.119553 -0.0935426 0.0871391 0.135804 -0.0727451 0.128822 -0.109137 0.0610125 0.0083817 -0.0819235 0.0312066 0.0616676 -0.0837068 0.123277 0.0643316 -0.123107 -0.135758 0.0124648 -0.120932 -0.064795 0.0639509 -0.1414 0.0467016 -0.103656 -0.141163 0.054471 -0.128735 0.141304 0.130819 0.140205 -0.0913078 0.0700443 -0.0380129 -0.0638372 -0.134212 0.0447268 0.0133402 -0.0265008 -0.0803446 0.106444
-1 -0.139602 -0.119249 -0.00816412 -0.0779082 0.0765919 -0.0686321 -0.00483587 0.0917048 0.101747 -0.0992227 -0.120897 0.0108409 -0.0674473 0.0943165 0.0435734 -0.0769088 0.111588 0.12893 0.139739 -0.0618719 -0.0584938 0.0652791 -0.0447304 -0.117808 -0.122172 0.0869963 0.107863 -0.0481503 0.141367 0.00285035 -0.133508 0.0346366 0.0594647 0.134282 -0.0878763 0.103769 0.130656 0.133463 -0.10504 -0.0834997 0.124758 -0.0228397 0.13021 -0.0105881 0.140946 -0.0112472 -0.124002 0.128044 0.0321287 0.141421
-1 -0.123952 0.00258939 0.0626442 -0.0893286 0.0891632 -0.0796049 -0.14133 0.13456 -0.122924 -0.141346 0.0978271 0.138262 -0.118164 -0.113514 -0.0261805 0.0610891 0.0362501 -0.135807 0.0710828 0.0714817 -0.0138728 0.0451955 -0.12931 0.141395 0.137956 0.0731638 0.115875 0.0213865 0.0204236 0.0770985 0.0729634 -0.0571928 -0.103445 0.138676 0.13975 0.105116 0.130585 0.141415 0.108145 0.073656 0.137376 -0.0888761 0.136282 -0.00404332 -0.032311 -0.013541 -0.0530735 0.0255974 -0.128189 0.107658
-1 -0.139452 0.113859 -0.138417 0.141124 0.117224 0.141273 0.0247103 0.00973299 -0.133002 0.13933 -0.138766 -0.00764049 0.0638961 -0.0942049 0.126842 0.141403 0.0354146 0.10074 -0.127395 -0.139968 0.119144 0.0592655 0.104896 -0.139973 0.11224 -0.026261 0.130458 0.105738 0.00446934 0.0599777 -0.12242 -0.0168544 -0.118304 -0.0992201 0.0355376 0.0256762 -0.140782 -0.132778 0.132012 0.140742 0.0940777 0.0417117 0.121692 -0.100445 0.0388206 0.114137 0.0983994 0.113986 -0.141239 -0.0352039
-1 -0.00470011 -0.140605 -0.0604325 -0.13063 -0.14116 -0.0198353 -0.12734 0.127433 -0.135901 -0.14016 0.0829114 0.0142313 -0.115461 0.127342 -0.0741455 0.131328 -0.129425 0.104006 0.0888886 0.0956529 0.0699399 -0.0402211 0.0716949 0.113237 -0.0801567 -0.120823 -0.0983268 -0.00230475 0.14034 -0.0692873 -0.140383 -0.0848762 -0.0585014 -0.0110056 -0.0783508 -0.119658 0.0573956 -0.0175629 -0.120436 0.0145557 -0.0872553 0.131546 0.0418188 0.0686363 0.139528 -0.00412095 0.0971909 0.105226 0.108377 -0.138305
-1 -0.0662161 0.104436 -0.0144613 0.0909464 0.128348 -0.127135 0.135111 0.0641501 0.135798 -0.139324 -0.13724 0.0859683 0.126328 0.141406 0.0409993 0.0860043 0.0249195 -0.137185 0.133446 -0.000756375 -0.000780735 -0.0330313 0.110919 -0.118878 -0.134687 0.139369 0.0698522 -0.0992328 0.121568 0.139105 -0.139694 0.00920965 0.114849 0.134107 0.10335 0.132184 -0.141417 -0.140467 -0.124515 0.0727055 -0.121184 0.123809 -0.136589 0.140053 0.0405802 0.000884569 0.0827459 -0.0035538 -0.140819 0.135332
-1 -0.0906637 -0.021392 -0.0747068 0.131449 -0.0397168 -0.130471 -0.00177846 0.0508331 0.131112 0.0683184 0.0559618 -0.0645665 0.0232095 -0.0950503 0.0492827 -0.00702148 0.114933 -0.131601 -0.0912864 0.054444 0.0491405 0.125568 -0.0219674 -0.0873781 -0.0103948 -0.0383019 -0.102825 0.0677433 0.138398 0.12742 0.0985557 -0.029325 0.1202 0.0764728 0.137733 0.141255 0.0520079 0.0455356 0.139298 -0.0368007 -0.0793432 0.056819 -0.141367 -0.0770586 0.117678 0.0697988 -0.132211 0.126354 0.081233 0.0551049
-1 -0.138506 -0.129278 -0.0359319 -0.137793 -0.082482 0.139822 0.133455 -0.131138 -0.13808 -0.0865031 0.0377585 -0.129652 0.140981 -0.0704633 0.108009 0.137741 0.032246 -0.0385409 0.0847848 0.141399 0.108749 -0.0414848 0.0900134 0.136371 -0.0659651 -0.126099 -0.0829606 0.130443 -0.0737152 -0.1062 0.118163 -0.13833 -0.00995497 0.140089 0.132899 -0.0732331 -0.140074 0.0274688 -0.0464144 0.110403 -0.0942556 0.121686 -0.133077 -0.0853313 0.137603 -0.030102 0.0681007 -0.0551899 0.0913828 0.131764
-1 -0.101904 0.064795 0.13998 0.131956 -0.0984705 0.106091 -0.0407482 -0.141421 -0.123107 -0.12658 0.0793757 -0.128567 -0.118108 0.140961 0.00394808 -0.0770124 -0.0163721 0.084236 -0.140346 -0.13499 0.063546 -0.1141 0.127696 0.116016 -0.0579029 -0.139056 0.0168033 -0.120714 -0.0754162 -0.0877268 0.140069 0.0767364 -0.141417 -0.132869 0.0811803 0.0724862 -0.123783 0.0569681 -0.128133 0.0908297 0.0542731 0.138804 -0.0965206 -0.110377 0.0368662 0.00931805 0.0728028 0.078241 0.126643 -0.0837145
-1 0.131254 -0.135504 -0.0167595 0.0888666 0.111569 -0.0837853 0.0934831 -0.0150813 -0.116575 -0.0636411 -0.0650891 0.134093 -0.140803 -0.136784 0.0606876 -0.0963158 0.141296 0.125209 -0.138741 -0.122487 0.12113 0.0222237 -0.117933 0.091413 -0.0895335 -0.140109 0.0102075 -0.141293 -0.0333776 -0.0150756 -0.106652 -0.0645828 -0.0766673 -0.0145144 -0.120234 0.1337 -0.0312056 -0.128812 0.141102 0.122382 -0.110005 -0.0451362 0.139482 -0.12973 -0.12892 -0.0385338 0.103851 -0.14114 0.0542319 -0.12815
-1 -0.0835128 -0.105822 0.0883427 0.0724028 -0.134335 -0.0849098 0.141325 0.116178 -0.13874 0.0711241 -0.0394333 -0.0897784 -0.0081652 -0.115762 0.11143 0.0956579 0.080901 -0.11143 -0.0525132 0.033424 -0.140101 -0.124236 0.0859147 -0.0658606 -0.0923553 0.116351 -0.0877978 -0.0824063 0.140171 0.116772 -0.0926071 0.136661 -0.133945 -0.13591 0.0586465 -0.033609 -0.119949 0.0943042 -2.44567e-05 0.0447633 -0.038606 0.129593 0.136289 -0.118042 0.070716 -0.13679 -0.0701702 0.107026 0.0702049 -0.140148
-1 0.0599564 0.141244 0.119272 -0.121218 -0.0681852 0.11731 0.0939529 0.0458203 -0.106761 -0.0647866 -0.117132 0.0355255 -0.134509 -0.138091 -0.140803 -0.025369 -0.113632 -0.0471858 -0.0996303 -0.138191 -0.06198 -0.03657 0.0913742 0.139795 -0.133476 -0.0785795 0.0414469 -0.137472 0.0176986 0.138766 0.14142 0.00949881 -0.0314693 0.134729 0.014606 0.114846 -0.00146617 0.140042 0.0820394 0.0925469 0.0516748 0.120265 -0.0422295 -0.135658 0.0718723 -0.141163 0.135923 -0.0148897 -0.020571 -0.0754698
-1 0.134966 -0.045401 -0.0725076 0.113764 -0.131406 -0.137694 -0.0488018 -0.0693643 -0.125614 0.14124 -0.0723455 0.141323 0.0842413 0.112812 -0.0621232 -0.115795 -0.141036 0.135673 -0.110372 -0.141419 0.137348 0.14074 -0.0475055 0.12727 0.131318 0.103729 -0.0336684 0.0843291 -0.104691 0.141073 -0.141362 0.0251814 0.0185312 0.000240217 -0.141292 0.0266791 -0.1332 0.139256 -0.132735 0.0630362 -0.111287 0.140233 0.0212411 -0.111962 -0.0754049 0.0878318 0.141221 0.0623548 -0.140774 0.12369
-1 -0.086567 0.0568553 -0.121709 -0.0734846 0.0152002 0.139463 0.0303608 -0.125727 0.0471767 -0.076638 -0.117422 0.130251 -0.129261 -0.131267 0.138506 0.112925 0.0819275 0.105072 0.136574 0.0984552 0.0564648 -0.136658 -0.065458 0.141232 -0.0401254 -0.141298 0.102624 0.0081654 0.11575 0.13678 0.11737 -0.0204347 0.0943809 0.129759 0.0525808 -0.0231828 -0.0197666 -0.112848 -0.0179784 -0.035514 0.0316059 0.133834 -0.00328736 -0.0920864 -0.0364732 0.140357 0.10411 0.0557916 0.0247284 -0.135716
